# unix_time, cycles_done, cur_path, paths_total, pending_total, pending_favs, map_size, unique_crashes, unique_hangs, max_depth, execs_per_sec
1627972103, 0, 0, 1, 1, 1, 0.07%, 0, 0, 1, 25.16
1627972108, 0, 0, 21, 21, 1, 0.10%, 0, 0, 2, 481.62
1627972113, 0, 0, 23, 23, 1, 0.10%, 0, 0, 2, 88.83
1627972123, 0, 0, 24, 24, 1, 0.10%, 0, 0, 2, 554.05
1627972164, 0, 0, 25, 25, 1, 0.10%, 0, 0, 2, 665.38
1627972200, 0, 5, 27, 26, 4, 0.10%, 0, 0, 3, 531.15
1627972205, 0, 5, 28, 27, 4, 0.10%, 0, 0, 3, 593.16
1627972287, 0, 21, 34, 32, 4, 0.11%, 0, 0, 3, 611.16
1627972292, 0, 21, 36, 34, 4, 0.11%, 0, 0, 3, 580.23
1627972297, 0, 21, 37, 35, 4, 0.11%, 0, 0, 3, 623.99
1627972348, 0, 21, 38, 36, 4, 0.12%, 0, 0, 3, 439.00
1627972378, 0, 21, 45, 43, 4, 0.12%, 0, 0, 3, 512.17
1627972383, 0, 21, 48, 46, 4, 0.12%, 0, 0, 3, 426.57
1627972388, 0, 24, 50, 47, 6, 0.12%, 0, 0, 3, 481.44
1627972485, 0, 27, 50, 46, 5, 0.12%, 0, 0, 3, 606.65
1627972521, 0, 27, 51, 47, 5, 0.12%, 0, 0, 4, 632.65
1627972572, 0, 29, 52, 47, 4, 0.12%, 0, 0, 4, 385.05
1627972577, 0, 29, 53, 48, 4, 0.12%, 0, 0, 4, 554.56
1627972582, 0, 29, 54, 49, 4, 0.12%, 0, 0, 4, 623.42
1627972664, 0, 33, 54, 48, 3, 0.12%, 0, 0, 4, 473.16
1627972760, 0, 33, 64, 58, 3, 0.12%, 0, 0, 4, 599.88
1627972765, 0, 33, 69, 63, 3, 0.12%, 0, 0, 4, 519.53
1627972770, 0, 37, 69, 62, 5, 0.12%, 0, 0, 4, 456.42
1627972836, 0, 37, 71, 64, 5, 0.12%, 0, 0, 4, 448.14
1627972862, 0, 39, 71, 63, 5, 0.12%, 0, 0, 4, 639.05
1627972867, 0, 39, 72, 64, 5, 0.12%, 0, 0, 4, 651.88
1627972872, 0, 39, 73, 65, 5, 0.12%, 0, 0, 4, 540.28
1627972928, 0, 60, 76, 67, 4, 0.12%, 0, 0, 5, 434.67
1627972938, 0, 60, 77, 68, 4, 0.12%, 0, 0, 5, 567.08
1627972983, 0, 66, 80, 70, 4, 0.12%, 0, 0, 5, 634.77
1627972988, 0, 70, 83, 72, 4, 0.12%, 0, 0, 5, 624.62
1627972993, 0, 70, 85, 74, 4, 0.12%, 0, 0, 5, 563.49
1627972999, 0, 70, 86, 75, 4, 0.12%, 0, 0, 5, 504.53
1627973085, 0, 71, 88, 76, 4, 0.12%, 0, 0, 5, 735.38
1627973141, 0, 75, 91, 78, 4, 0.12%, 0, 0, 6, 441.44
1627973197, 0, 75, 94, 81, 4, 0.12%, 0, 0, 6, 481.53
1627973202, 0, 80, 94, 80, 4, 0.12%, 0, 0, 6, 597.28
1627973207, 0, 86, 95, 80, 3, 0.12%, 0, 0, 6, 623.25
1627973212, 0, 86, 96, 81, 3, 0.12%, 0, 0, 6, 622.19
1627973278, 0, 87, 97, 81, 2, 0.12%, 0, 0, 6, 642.82
1627973334, 0, 93, 99, 82, 1, 0.12%, 0, 0, 7, 385.91
1627973339, 0, 93, 100, 83, 1, 0.12%, 0, 0, 7, 423.19
1627973359, 0, 93, 101, 84, 1, 0.12%, 0, 0, 7, 626.65
1627973370, 0, 93, 106, 89, 1, 0.12%, 0, 0, 7, 459.17
1627973375, 0, 93, 107, 90, 1, 0.12%, 0, 0, 7, 379.77
1627973380, 0, 93, 108, 91, 1, 0.12%, 0, 0, 7, 330.96
1627973385, 0, 99, 108, 90, 2, 0.12%, 0, 0, 7, 460.89
1627973415, 0, 100, 109, 90, 1, 0.12%, 0, 0, 8, 592.25
1627973421, 0, 100, 110, 91, 1, 0.12%, 0, 0, 8, 491.90
1627973446, 1, 4, 110, 90, 0, 0.12%, 0, 0, 8, 558.04
1627973543, 1, 10, 111, 90, 0, 0.12%, 0, 0, 8, 595.20
1627973640, 1, 17, 111, 89, 0, 0.12%, 0, 0, 8, 499.68
1627973727, 1, 19, 111, 88, 0, 0.12%, 0, 0, 8, 574.37
1627973833, 1, 26, 111, 87, 0, 0.12%, 0, 0, 8, 431.44
