# unix_time, cycles_done, cur_path, paths_total, pending_total, pending_favs, map_size, unique_crashes, unique_hangs, max_depth, execs_per_sec
1628057276, 0, 0, 1, 1, 1, 0.09%, 0, 0, 1, 29.74
1628057281, 0, 0, 20, 20, 1, 0.12%, 0, 0, 2, 424.23
1628057287, 0, 0, 22, 22, 1, 0.12%, 0, 0, 2, 422.23
1628057292, 0, 0, 23, 23, 1, 0.12%, 0, 0, 2, 463.82
1628057297, 0, 0, 24, 24, 1, 0.12%, 0, 0, 2, 468.21
1628057353, 0, 0, 25, 25, 1, 0.13%, 0, 0, 2, 490.63
1628057388, 0, 0, 29, 29, 1, 0.13%, 0, 0, 2, 480.98
1628057394, 0, 0, 31, 31, 1, 0.13%, 0, 0, 2, 536.23
1628057399, 0, 5, 35, 34, 6, 0.14%, 0, 0, 3, 530.29
1628057404, 0, 5, 36, 35, 6, 0.14%, 0, 0, 3, 517.89
1628057495, 0, 13, 37, 35, 6, 0.14%, 0, 0, 3, 528.27
1628057500, 0, 13, 38, 36, 6, 0.14%, 0, 0, 3, 541.79
1628057551, 0, 13, 39, 37, 6, 0.14%, 0, 0, 3, 520.07
1628057587, 0, 28, 50, 47, 4, 0.14%, 0, 0, 3, 570.14
1628057592, 0, 37, 53, 49, 4, 0.14%, 0, 0, 4, 540.45
1628057653, 0, 37, 57, 53, 4, 0.14%, 0, 0, 4, 546.97
1628057683, 0, 46, 57, 52, 4, 0.14%, 0, 0, 4, 564.91
1628057688, 0, 49, 57, 51, 3, 0.14%, 0, 0, 4, 582.11
1628057693, 0, 54, 60, 53, 2, 0.14%, 0, 0, 5, 538.03
1628057704, 0, 54, 61, 54, 2, 0.14%, 0, 0, 5, 517.68
1628057749, 0, 54, 62, 55, 2, 0.14%, 0, 0, 5, 515.98
1628057780, 0, 56, 63, 55, 2, 0.14%, 0, 0, 5, 512.16
1628057785, 0, 56, 68, 60, 2, 0.14%, 0, 0, 5, 502.59
1628057790, 0, 56, 69, 61, 2, 0.14%, 0, 0, 5, 502.97
1628057795, 0, 56, 70, 62, 2, 0.14%, 0, 0, 5, 507.75
1628057800, 0, 56, 72, 64, 2, 0.14%, 0, 0, 5, 514.21
1628057841, 0, 56, 73, 65, 2, 0.14%, 0, 0, 5, 477.73
1628057872, 0, 56, 77, 69, 2, 0.14%, 0, 0, 5, 516.24
1628057877, 0, 56, 80, 72, 2, 0.14%, 0, 0, 5, 536.69
1628057882, 0, 75, 89, 80, 2, 0.14%, 0, 0, 6, 515.19
1628057887, 0, 75, 90, 81, 2, 0.14%, 0, 0, 6, 537.62
1628057908, 0, 75, 91, 82, 2, 0.14%, 0, 0, 6, 570.04
1628057939, 0, 78, 94, 84, 5, 0.14%, 0, 0, 6, 536.65
1628057949, 0, 78, 95, 85, 5, 0.14%, 0, 0, 6, 495.89
1628057979, 0, 78, 96, 86, 5, 0.14%, 0, 0, 6, 516.49
1628057994, 0, 84, 96, 85, 4, 0.14%, 0, 0, 6, 526.06
1628057999, 0, 84, 98, 87, 4, 0.14%, 0, 0, 7, 530.26
1628058061, 0, 87, 99, 87, 4, 0.14%, 0, 0, 7, 535.74
1628058066, 0, 87, 100, 88, 4, 0.14%, 0, 0, 7, 541.82
1628058117, 0, 92, 100, 87, 4, 0.14%, 0, 0, 7, 536.47
1628058173, 0, 94, 103, 89, 3, 0.14%, 0, 0, 7, 477.83
1628058179, 0, 94, 104, 90, 3, 0.14%, 0, 0, 7, 435.54
1628058219, 0, 94, 105, 91, 3, 0.14%, 0, 0, 7, 464.40
1628058234, 0, 99, 105, 90, 3, 0.14%, 0, 0, 7, 504.09
1628058300, 0, 100, 105, 89, 2, 0.14%, 0, 0, 7, 476.86
1628058361, 1, 45, 105, 88, 1, 0.14%, 0, 0, 7, 382.42
1628058366, 1, 55, 105, 87, 0, 0.14%, 0, 0, 7, 472.79
1628058371, 1, 55, 106, 88, 0, 0.14%, 0, 0, 7, 489.84
1628058483, 1, 55, 110, 92, 0, 0.14%, 0, 0, 7, 498.98
1628058498, 1, 107, 111, 92, 1, 0.14%, 0, 0, 7, 318.66
1628058524, 2, 2, 111, 91, 0, 0.14%, 0, 0, 7, 509.90
1628058641, 2, 4, 111, 90, 0, 0.14%, 0, 0, 7, 496.78
1628058742, 2, 7, 111, 89, 0, 0.14%, 0, 0, 7, 480.65
1628058844, 2, 9, 111, 88, 0, 0.14%, 0, 0, 7, 520.75
1628058941, 2, 20, 111, 87, 0, 0.14%, 0, 0, 7, 504.62
1628059037, 2, 25, 111, 86, 0, 0.14%, 0, 0, 7, 511.94
