# unix_time, cycles_done, cur_path, paths_total, pending_total, pending_favs, map_size, unique_crashes, unique_hangs, max_depth, execs_per_sec
1634547552, 0, 0, 1, 1, 1, 0.00%, 0, 0, 1, 67.80
1634547557, 6, 1, 2, 0, 0, 0.00%, 0, 0, 2, 835.83
1634547562, 13, 1, 2, 0, 0, 0.00%, 0, 0, 2, 970.00
1634547568, 21, 1, 2, 0, 0, 0.00%, 0, 0, 2, 1002.44
1634547573, 29, 1, 2, 0, 0, 0.00%, 0, 0, 2, 1004.03
1634547578, 36, 1, 2, 0, 0, 0.00%, 0, 0, 2, 1009.85
1634547583, 44, 1, 2, 0, 0, 0.00%, 0, 0, 2, 1010.16
1634547588, 52, 1, 2, 0, 0, 0.00%, 0, 0, 2, 1002.18
1634547593, 59, 1, 2, 0, 0, 0.00%, 0, 0, 2, 995.28
1634547598, 67, 1, 2, 0, 0, 0.00%, 0, 0, 2, 1003.06
1634547603, 74, 1, 2, 0, 0, 0.00%, 0, 0, 2, 1004.11
1634547608, 82, 1, 2, 0, 0, 0.00%, 0, 0, 2, 1007.98
1634547613, 90, 1, 2, 0, 0, 0.00%, 0, 0, 2, 1008.27
1634547619, 97, 1, 2, 0, 0, 0.00%, 0, 0, 2, 1007.08
1634547624, 105, 1, 2, 0, 0, 0.00%, 0, 0, 2, 1001.06
1634547629, 113, 1, 2, 0, 0, 0.00%, 0, 0, 2, 1006.03
1634547634, 120, 1, 2, 0, 0, 0.00%, 0, 0, 2, 1007.36
1634547639, 128, 1, 2, 0, 0, 0.00%, 0, 0, 2, 1012.20
1634547644, 136, 0, 2, 0, 0, 0.00%, 0, 0, 2, 1005.89
1634547649, 143, 1, 2, 0, 0, 0.00%, 0, 0, 2, 1009.66
1634547654, 151, 1, 2, 0, 0, 0.00%, 0, 0, 2, 1005.53
1634547659, 159, 0, 2, 0, 0, 0.00%, 0, 0, 2, 1010.87
1634547664, 166, 1, 2, 0, 0, 0.00%, 0, 0, 2, 1008.22
1634547669, 174, 1, 2, 0, 0, 0.00%, 0, 0, 2, 1013.52
1634547675, 182, 0, 2, 0, 0, 0.00%, 0, 0, 2, 1010.95
1634547680, 189, 1, 2, 0, 0, 0.00%, 0, 0, 2, 999.63
1634547685, 196, 1, 2, 0, 0, 0.00%, 0, 0, 2, 1007.88
1634547690, 204, 1, 2, 0, 0, 0.00%, 0, 0, 2, 1012.57
1634547695, 212, 0, 2, 0, 0, 0.00%, 0, 0, 2, 1008.02
1634547700, 219, 1, 2, 0, 0, 0.00%, 0, 0, 2, 1009.92
1634547705, 227, 1, 2, 0, 0, 0.00%, 0, 0, 2, 1002.49
1634547710, 235, 0, 2, 0, 0, 0.00%, 0, 0, 2, 1003.37
1634547715, 242, 1, 2, 0, 0, 0.00%, 0, 0, 2, 991.12
1634547720, 250, 1, 2, 0, 0, 0.00%, 0, 0, 2, 1000.13
1634547725, 257, 1, 2, 0, 0, 0.00%, 0, 0, 2, 987.94
1634547730, 265, 0, 2, 0, 0, 0.00%, 0, 0, 2, 1004.73
1634547735, 272, 1, 2, 0, 0, 0.00%, 0, 0, 2, 1005.68
1634547741, 280, 1, 2, 0, 0, 0.00%, 0, 0, 2, 1009.06
1634547746, 288, 0, 2, 0, 0, 0.00%, 0, 0, 2, 1009.41
1634547751, 295, 1, 2, 0, 0, 0.00%, 0, 0, 2, 998.29
1634547756, 303, 0, 2, 0, 0, 0.00%, 0, 0, 2, 1002.53
1634547761, 310, 1, 2, 0, 0, 0.00%, 0, 0, 2, 1006.42
1634547766, 318, 1, 2, 0, 0, 0.00%, 0, 0, 2, 1013.69
1634547771, 325, 1, 2, 0, 0, 0.00%, 0, 0, 2, 1008.05
1634547776, 333, 1, 2, 0, 0, 0.00%, 0, 0, 2, 1006.82
1634547781, 341, 1, 2, 0, 0, 0.00%, 0, 0, 2, 1002.59
1634547786, 348, 1, 2, 0, 0, 0.00%, 0, 0, 2, 1010.33
1634547791, 356, 1, 2, 0, 0, 0.00%, 0, 0, 2, 1006.67
1634547797, 364, 1, 2, 0, 0, 0.00%, 0, 0, 2, 1010.86
1634547802, 371, 1, 2, 0, 0, 0.00%, 0, 0, 2, 1009.78
1634547807, 379, 1, 2, 0, 0, 0.00%, 0, 0, 2, 1009.64
1634547812, 387, 1, 2, 0, 0, 0.00%, 0, 0, 2, 1010.39
1634547817, 394, 1, 2, 0, 0, 0.00%, 0, 0, 2, 1009.76
1634547822, 402, 1, 2, 0, 0, 0.00%, 0, 0, 2, 1008.38
1634547827, 410, 1, 2, 0, 0, 0.00%, 0, 0, 2, 1006.67
1634547832, 417, 1, 2, 0, 0, 0.00%, 0, 0, 2, 1008.97
1634547837, 425, 1, 2, 0, 0, 0.00%, 0, 0, 2, 1012.90
1634547843, 433, 0, 2, 0, 0, 0.00%, 0, 0, 2, 986.51
1634547848, 440, 1, 2, 0, 0, 0.00%, 0, 0, 2, 1006.04
1634547853, 448, 1, 2, 0, 0, 0.00%, 0, 0, 2, 1004.05
1634547858, 456, 0, 2, 0, 0, 0.00%, 0, 0, 2, 1011.00
1634547863, 463, 1, 2, 0, 0, 0.00%, 0, 0, 2, 1009.74
1634547868, 471, 1, 2, 0, 0, 0.00%, 0, 0, 2, 1003.20
1634547873, 479, 0, 2, 0, 0, 0.00%, 0, 0, 2, 1003.75
1634547878, 486, 1, 2, 0, 0, 0.00%, 0, 0, 2, 1007.46
1634547883, 494, 1, 2, 0, 0, 0.00%, 0, 0, 2, 1007.26
1634547888, 501, 1, 2, 0, 0, 0.00%, 0, 0, 2, 998.70
1634547894, 509, 1, 2, 0, 0, 0.00%, 0, 0, 2, 1005.28
1634547899, 517, 0, 2, 0, 0, 0.00%, 0, 0, 2, 993.19
1634547904, 524, 1, 2, 0, 0, 0.00%, 0, 0, 2, 1002.53
1634547909, 532, 1, 2, 0, 0, 0.00%, 0, 0, 2, 1003.43
1634547914, 539, 1, 2, 0, 0, 0.00%, 0, 0, 2, 1002.70
1634547919, 547, 1, 2, 0, 0, 0.00%, 0, 0, 2, 1011.63
1634547924, 555, 1, 2, 0, 0, 0.00%, 0, 0, 2, 1011.81
1634547929, 562, 1, 2, 0, 0, 0.00%, 0, 0, 2, 1013.81
1634547934, 570, 1, 2, 0, 0, 0.00%, 0, 0, 2, 1010.24
1634547939, 578, 1, 2, 0, 0, 0.00%, 0, 0, 2, 1009.73
1634547944, 585, 1, 2, 0, 0, 0.00%, 0, 0, 2, 1009.34
1634547949, 593, 1, 2, 0, 0, 0.00%, 0, 0, 2, 1005.80
1634547955, 600, 1, 2, 0, 0, 0.00%, 0, 0, 2, 1004.88
1634547960, 608, 1, 2, 0, 0, 0.00%, 0, 0, 2, 1001.97
1634547965, 616, 0, 2, 0, 0, 0.00%, 0, 0, 2, 1001.93
1634547970, 623, 1, 2, 0, 0, 0.00%, 0, 0, 2, 993.67
1634547975, 631, 0, 2, 0, 0, 0.00%, 0, 0, 2, 1002.54
1634547980, 638, 1, 2, 0, 0, 0.00%, 0, 0, 2, 1007.18
1634547985, 646, 1, 2, 0, 0, 0.00%, 0, 0, 2, 1000.92
1634547990, 653, 1, 2, 0, 0, 0.00%, 0, 0, 2, 1003.00
1634547995, 661, 1, 2, 0, 0, 0.00%, 0, 0, 2, 1002.33
1634548000, 669, 1, 2, 0, 0, 0.00%, 0, 0, 2, 1007.54
1634548005, 676, 1, 2, 0, 0, 0.00%, 0, 0, 2, 1006.41
1634548010, 684, 1, 2, 0, 0, 0.00%, 0, 0, 2, 1002.03
1634548016, 691, 1, 2, 0, 0, 0.00%, 0, 0, 2, 1005.20
1634548021, 699, 1, 2, 0, 0, 0.00%, 0, 0, 2, 1003.49
1634548026, 707, 1, 2, 0, 0, 0.00%, 0, 0, 2, 1010.50
1634548031, 714, 1, 2, 0, 0, 0.00%, 0, 0, 2, 1012.68
1634548036, 722, 1, 2, 0, 0, 0.00%, 0, 0, 2, 1008.58
1634548041, 730, 0, 2, 0, 0, 0.00%, 0, 0, 2, 1009.89
1634548046, 737, 1, 2, 0, 0, 0.00%, 0, 0, 2, 1001.23
1634548051, 745, 1, 2, 0, 0, 0.00%, 0, 0, 2, 1003.23
1634548056, 752, 1, 2, 0, 0, 0.00%, 0, 0, 2, 1007.32
1634548061, 760, 1, 2, 0, 0, 0.00%, 0, 0, 2, 1012.35
1634548066, 768, 1, 2, 0, 0, 0.00%, 0, 0, 2, 1009.36
1634548071, 775, 1, 2, 0, 0, 0.00%, 0, 0, 2, 1001.28
1634548077, 783, 1, 2, 0, 0, 0.00%, 0, 0, 2, 1010.54
1634548082, 790, 1, 2, 0, 0, 0.00%, 0, 0, 2, 996.24
1634548087, 798, 1, 2, 0, 0, 0.00%, 0, 0, 2, 1010.49
1634548092, 806, 0, 2, 0, 0, 0.00%, 0, 0, 2, 991.12
1634548097, 813, 1, 2, 0, 0, 0.00%, 0, 0, 2, 1004.41
1634548102, 821, 0, 2, 0, 0, 0.00%, 0, 0, 2, 1002.15
1634548107, 828, 1, 2, 0, 0, 0.00%, 0, 0, 2, 1006.77
1634548112, 836, 1, 2, 0, 0, 0.00%, 0, 0, 2, 1010.16
1634548117, 844, 1, 2, 0, 0, 0.00%, 0, 0, 2, 1012.38
1634548122, 851, 1, 2, 0, 0, 0.00%, 0, 0, 2, 1011.19
1634548127, 859, 1, 2, 0, 0, 0.00%, 0, 0, 2, 1010.62
1634548132, 867, 0, 2, 0, 0, 0.00%, 0, 0, 2, 1001.67
1634548138, 874, 1, 2, 0, 0, 0.00%, 0, 0, 2, 1009.45
1634548143, 882, 1, 2, 0, 0, 0.00%, 0, 0, 2, 993.74
1634548148, 890, 0, 2, 0, 0, 0.00%, 0, 0, 2, 1004.85
1634548153, 897, 1, 2, 0, 0, 0.00%, 0, 0, 2, 964.57
