# unix_time, cycles_done, cur_path, paths_total, pending_total, pending_favs, map_size, unique_crashes, unique_hangs, max_depth, execs_per_sec
1628044137, 0, 0, 1, 1, 1, 0.09%, 0, 0, 1, 71.43
1628044142, 0, 0, 21, 21, 1, 0.12%, 0, 0, 2, 448.37
1628044147, 0, 0, 22, 22, 1, 0.12%, 0, 0, 2, 446.66
1628044152, 0, 0, 23, 23, 1, 0.12%, 0, 0, 2, 460.89
1628044157, 0, 0, 24, 24, 1, 0.12%, 0, 0, 2, 514.23
1628044219, 0, 0, 25, 25, 1, 0.13%, 0, 0, 2, 509.94
1628044254, 0, 0, 30, 30, 1, 0.13%, 0, 0, 2, 509.48
1628044259, 0, 0, 35, 35, 1, 0.13%, 0, 0, 2, 500.05
1628044264, 0, 0, 38, 38, 1, 0.13%, 0, 0, 2, 517.48
1628044269, 0, 0, 39, 39, 1, 0.13%, 0, 0, 2, 512.92
1628044274, 0, 0, 40, 40, 1, 0.13%, 0, 0, 2, 511.21
1628044280, 0, 0, 43, 43, 1, 0.13%, 0, 0, 2, 509.45
1628044285, 0, 5, 44, 43, 6, 0.13%, 0, 0, 3, 497.32
1628044386, 0, 16, 47, 45, 6, 0.14%, 0, 0, 3, 485.44
1628044391, 0, 16, 48, 46, 6, 0.14%, 0, 0, 3, 511.53
1628044396, 0, 16, 50, 48, 6, 0.14%, 0, 0, 3, 506.54
1628044457, 0, 16, 51, 49, 6, 0.14%, 0, 0, 3, 390.64
1628044493, 0, 16, 57, 55, 6, 0.14%, 0, 0, 3, 524.05
1628044498, 0, 16, 60, 58, 6, 0.14%, 0, 0, 3, 498.40
1628044503, 0, 16, 62, 60, 6, 0.14%, 0, 0, 3, 498.95
1628044508, 0, 16, 64, 62, 6, 0.14%, 0, 0, 3, 490.95
1628044513, 0, 16, 65, 63, 6, 0.14%, 0, 0, 3, 443.89
1628044523, 0, 16, 66, 64, 6, 0.14%, 0, 0, 3, 470.31
1628044529, 0, 24, 66, 63, 7, 0.14%, 0, 0, 3, 490.79
1628044646, 0, 27, 73, 69, 6, 0.14%, 0, 0, 3, 550.54
1628044651, 0, 36, 75, 70, 5, 0.14%, 0, 0, 3, 545.43
1628044743, 0, 45, 77, 71, 5, 0.14%, 0, 0, 4, 548.55
1628044758, 0, 45, 78, 72, 5, 0.14%, 0, 0, 4, 514.54
1628044839, 0, 45, 81, 75, 5, 0.14%, 0, 0, 4, 512.59
1628044845, 0, 45, 85, 79, 5, 0.14%, 0, 0, 4, 515.96
1628044850, 0, 45, 88, 82, 5, 0.14%, 0, 0, 4, 510.39
1628044855, 0, 45, 90, 84, 5, 0.14%, 0, 0, 4, 520.68
1628044860, 0, 45, 91, 85, 5, 0.14%, 0, 0, 4, 504.12
1628044865, 0, 50, 91, 84, 6, 0.14%, 0, 0, 4, 497.35
1628044931, 0, 50, 93, 86, 6, 0.14%, 0, 0, 4, 508.56
1628044961, 0, 52, 93, 85, 6, 0.14%, 0, 0, 4, 411.44
1628045012, 0, 66, 93, 84, 5, 0.14%, 0, 0, 4, 523.62
1628045017, 0, 69, 94, 84, 4, 0.14%, 0, 0, 4, 590.79
1628045022, 0, 72, 94, 83, 3, 0.14%, 0, 0, 4, 591.30
1628045027, 0, 80, 95, 83, 3, 0.14%, 0, 0, 4, 549.20
1628045104, 0, 80, 97, 85, 3, 0.14%, 0, 0, 5, 544.72
1628045109, 0, 80, 98, 86, 3, 0.14%, 0, 0, 5, 544.39
1628045119, 0, 80, 100, 88, 3, 0.14%, 0, 0, 5, 543.19
1628045124, 0, 80, 102, 90, 3, 0.14%, 0, 0, 5, 537.50
1628045134, 0, 89, 103, 90, 4, 0.14%, 0, 0, 5, 535.32
1628045190, 0, 89, 104, 91, 4, 0.14%, 0, 0, 5, 532.66
1628045216, 0, 92, 104, 90, 3, 0.14%, 0, 0, 5, 525.58
1628045221, 0, 92, 105, 91, 3, 0.14%, 0, 0, 5, 518.56
1628045226, 0, 92, 106, 92, 3, 0.14%, 0, 0, 5, 515.45
1628045231, 0, 92, 107, 93, 3, 0.14%, 0, 0, 5, 517.33
1628045322, 0, 92, 108, 94, 3, 0.14%, 0, 0, 5, 63.35
1628045327, 0, 96, 109, 94, 2, 0.14%, 0, 0, 6, 479.66
1628045373, 0, 97, 110, 94, 2, 0.14%, 0, 0, 6, 498.59
1628045419, 0, 108, 110, 93, 2, 0.14%, 0, 0, 6, 549.06
1628045424, 0, 108, 112, 95, 2, 0.14%, 0, 0, 7, 552.65
1628045434, 0, 108, 113, 96, 2, 0.14%, 0, 0, 7, 556.08
1628045465, 0, 108, 116, 99, 2, 0.14%, 0, 0, 7, 555.38
1628045480, 0, 113, 116, 98, 2, 0.14%, 0, 0, 7, 553.69
1628045516, 0, 114, 116, 97, 1, 0.14%, 0, 0, 7, 539.51
1628045551, 1, 1, 116, 96, 0, 0.14%, 0, 0, 7, 517.49
1628045633, 1, 1, 117, 97, 0, 0.14%, 0, 0, 7, 518.90
1628045638, 1, 3, 117, 96, 0, 0.14%, 0, 0, 7, 522.51
1628045729, 1, 10, 117, 95, 0, 0.14%, 0, 0, 7, 510.64
1628045831, 1, 12, 117, 94, 0, 0.14%, 0, 0, 7, 516.02
1628045928, 1, 14, 117, 93, 0, 0.14%, 0, 0, 7, 502.57
