# unix_time, cycles_done, cur_path, paths_total, pending_total, pending_favs, map_size, unique_crashes, unique_hangs, max_depth, execs_per_sec
1628903444, 0, 0, 1, 1, 1, 0.07%, 0, 0, 1, 46.51
1628903449, 0, 0, 7, 7, 1, 0.09%, 0, 0, 2, 333.06
1628903470, 0, 0, 8, 8, 1, 0.09%, 0, 0, 2, 478.27
1628903480, 0, 1, 8, 7, 5, 0.09%, 0, 0, 2, 488.74
1628903515, 0, 2, 10, 8, 4, 0.10%, 0, 0, 3, 468.32
1628903536, 0, 2, 11, 9, 4, 0.11%, 0, 0, 3, 455.94
1628903546, 0, 5, 13, 10, 5, 0.12%, 0, 0, 3, 429.59
1628903566, 0, 5, 14, 11, 5, 0.12%, 0, 0, 3, 458.13
1628903576, 0, 6, 15, 11, 6, 0.12%, 0, 0, 3, 460.29
1628903612, 0, 8, 15, 10, 5, 0.12%, 0, 0, 3, 496.97
1628903638, 0, 10, 15, 9, 4, 0.12%, 0, 0, 3, 497.50
1628903674, 0, 12, 15, 8, 3, 0.12%, 0, 0, 3, 426.15
1628903720, 0, 13, 15, 7, 2, 0.12%, 0, 0, 3, 427.01
1628903755, 0, 14, 15, 6, 1, 0.12%, 0, 0, 3, 336.94
1628903786, 1, 9, 15, 5, 0, 0.12%, 0, 0, 3, 344.17
1628903826, 2, 7, 15, 4, 0, 0.12%, 0, 0, 3, 396.89
1628903872, 3, 1, 15, 3, 0, 0.12%, 0, 0, 3, 357.60
1628903877, 3, 4, 15, 3, 0, 0.12%, 0, 0, 3, 392.71
1628903922, 3, 10, 15, 2, 0, 0.12%, 0, 0, 3, 228.88
1628903927, 4, 6, 15, 2, 0, 0.12%, 0, 0, 3, 341.59
1628903933, 5, 1, 15, 2, 0, 0.12%, 0, 0, 3, 300.18
1628903938, 5, 12, 15, 2, 0, 0.12%, 0, 0, 3, 263.66
1628903943, 6, 6, 15, 2, 0, 0.12%, 0, 0, 3, 248.41
1628903948, 7, 1, 15, 2, 0, 0.12%, 0, 0, 3, 290.26
1628903953, 7, 3, 15, 2, 0, 0.12%, 0, 0, 3, 389.57
1628903994, 7, 14, 15, 1, 0, 0.12%, 0, 0, 3, 401.27
1628903999, 8, 12, 15, 1, 0, 0.12%, 0, 0, 3, 287.70
1628904004, 9, 10, 15, 1, 0, 0.12%, 0, 0, 3, 326.04
1628904010, 10, 10, 15, 1, 0, 0.12%, 0, 0, 3, 311.49
1628904015, 10, 14, 15, 1, 0, 0.12%, 0, 0, 3, 294.87
1628904020, 11, 14, 15, 1, 0, 0.12%, 0, 0, 3, 368.05
1628904025, 12, 13, 15, 1, 0, 0.12%, 0, 0, 3, 389.32
1628904030, 13, 11, 15, 1, 0, 0.12%, 0, 0, 3, 331.97
1628904076, 14, 1, 15, 0, 0, 0.12%, 0, 0, 3, 339.64
1628904081, 14, 13, 15, 0, 0, 0.12%, 0, 0, 3, 314.43
1628904086, 15, 10, 15, 0, 0, 0.12%, 0, 0, 3, 323.51
1628904091, 15, 15, 16, 1, 1, 0.12%, 0, 0, 4, 259.22
1628904183, 16, 6, 16, 0, 0, 0.12%, 0, 0, 4, 319.43
1628904188, 16, 14, 16, 0, 0, 0.12%, 0, 0, 4, 341.11
1628904193, 16, 15, 16, 0, 0, 0.12%, 0, 0, 4, 369.86
1628904198, 17, 1, 16, 0, 0, 0.12%, 0, 0, 4, 298.70
1628904204, 17, 14, 16, 0, 0, 0.12%, 0, 0, 4, 321.08
1628904209, 17, 15, 16, 0, 0, 0.12%, 0, 0, 4, 336.88
1628904219, 18, 13, 16, 0, 0, 0.12%, 0, 0, 4, 307.82
1628904224, 18, 15, 16, 0, 0, 0.12%, 0, 0, 4, 305.31
1628904229, 19, 6, 16, 0, 0, 0.12%, 0, 0, 4, 286.56
1628904234, 19, 15, 16, 0, 0, 0.12%, 0, 0, 4, 303.98
1628904239, 20, 1, 16, 0, 0, 0.12%, 0, 0, 4, 366.70
1628904244, 20, 14, 16, 0, 0, 0.12%, 0, 0, 4, 375.24
1628904249, 20, 15, 16, 0, 0, 0.12%, 0, 0, 4, 389.36
1628904255, 21, 15, 16, 0, 0, 0.12%, 0, 0, 4, 385.00
1628904260, 22, 11, 16, 0, 0, 0.12%, 0, 0, 4, 379.76
1628904265, 22, 15, 16, 0, 0, 0.12%, 0, 0, 4, 350.05
1628904270, 23, 13, 16, 0, 0, 0.12%, 0, 0, 4, 393.07
1628904275, 24, 10, 16, 0, 0, 0.12%, 0, 0, 4, 443.76
1628904280, 24, 15, 16, 0, 0, 0.12%, 0, 0, 4, 301.65
1628904285, 25, 12, 16, 0, 0, 0.12%, 0, 0, 4, 297.81
1628904290, 25, 15, 16, 0, 0, 0.12%, 0, 0, 4, 340.67
1628904295, 26, 12, 16, 0, 0, 0.12%, 0, 0, 4, 260.23
1628904300, 26, 15, 16, 0, 0, 0.12%, 0, 0, 4, 291.07
1628904306, 27, 12, 16, 0, 0, 0.12%, 0, 0, 4, 366.58
1628904311, 28, 1, 16, 0, 0, 0.12%, 0, 0, 4, 373.03
1628904316, 28, 14, 16, 0, 0, 0.12%, 0, 0, 4, 335.29
1628904321, 29, 6, 16, 0, 0, 0.12%, 0, 0, 4, 302.11
1628904326, 29, 13, 16, 0, 0, 0.12%, 0, 0, 4, 306.63
1628904331, 30, 1, 16, 0, 0, 0.12%, 0, 0, 4, 264.43
1628904336, 30, 14, 16, 0, 0, 0.12%, 0, 0, 4, 335.54
1628904341, 31, 10, 16, 0, 0, 0.12%, 0, 0, 4, 365.50
1628904346, 31, 15, 16, 0, 0, 0.12%, 0, 0, 4, 358.10
1628904351, 32, 10, 16, 0, 0, 0.12%, 0, 0, 4, 320.33
1628904357, 33, 6, 16, 0, 0, 0.12%, 0, 0, 4, 420.67
1628904362, 33, 15, 16, 0, 0, 0.12%, 0, 0, 4, 414.36
1628904367, 34, 10, 16, 0, 0, 0.12%, 0, 0, 4, 367.91
1628904372, 34, 15, 16, 0, 0, 0.12%, 0, 0, 4, 265.57
1628904377, 35, 10, 16, 0, 0, 0.12%, 0, 0, 4, 296.61
1628904383, 35, 15, 16, 0, 0, 0.12%, 0, 0, 4, 294.48
1628904388, 36, 10, 16, 0, 0, 0.12%, 0, 0, 4, 280.18
1628904393, 36, 15, 16, 0, 0, 0.12%, 0, 0, 4, 322.33
1628904398, 37, 13, 16, 0, 0, 0.12%, 0, 0, 4, 332.70
1628904403, 38, 6, 16, 0, 0, 0.12%, 0, 0, 4, 388.09
1628904408, 38, 15, 16, 0, 0, 0.12%, 0, 0, 4, 357.73
1628904413, 39, 10, 16, 0, 0, 0.12%, 0, 0, 4, 395.59
1628904419, 39, 15, 16, 0, 0, 0.12%, 0, 0, 4, 403.75
1628904424, 40, 12, 16, 0, 0, 0.12%, 0, 0, 4, 91.71
1628904429, 40, 15, 16, 0, 0, 0.12%, 0, 0, 4, 282.46
1628904434, 41, 13, 16, 0, 0, 0.12%, 0, 0, 4, 323.42
1628904439, 42, 1, 16, 0, 0, 0.12%, 0, 0, 4, 300.22
1628904444, 42, 14, 16, 0, 0, 0.12%, 0, 0, 4, 294.59
1628904450, 43, 6, 16, 0, 0, 0.12%, 0, 0, 4, 355.11
1628904455, 43, 15, 16, 0, 0, 0.12%, 0, 0, 4, 344.21
1628904460, 44, 10, 16, 0, 0, 0.12%, 0, 0, 4, 336.82
1628904465, 44, 15, 16, 0, 0, 0.12%, 0, 0, 4, 293.21
1628904470, 45, 12, 16, 0, 0, 0.12%, 0, 0, 4, 342.98
1628904475, 46, 1, 16, 0, 0, 0.12%, 0, 0, 4, 367.24
1628904480, 46, 14, 16, 0, 0, 0.12%, 0, 0, 4, 315.93
1628904485, 47, 1, 16, 0, 0, 0.12%, 0, 0, 4, 273.13
1628904490, 47, 15, 16, 0, 0, 0.12%, 0, 0, 4, 422.92
1628904496, 48, 14, 16, 0, 0, 0.12%, 0, 0, 4, 382.30
1628904501, 49, 6, 16, 0, 0, 0.12%, 0, 0, 4, 375.92
1628904506, 49, 15, 16, 0, 0, 0.12%, 0, 0, 4, 395.69
1628904511, 50, 14, 16, 0, 0, 0.12%, 0, 0, 4, 429.75
1628904516, 51, 10, 16, 0, 0, 0.12%, 0, 0, 4, 423.42
1628904521, 52, 1, 16, 0, 0, 0.12%, 0, 0, 4, 358.78
1628904526, 52, 15, 16, 0, 0, 0.12%, 0, 0, 4, 394.66
1628904531, 53, 13, 16, 0, 0, 0.12%, 0, 0, 4, 385.01
1628904536, 54, 10, 16, 0, 0, 0.12%, 0, 0, 4, 391.07
1628904541, 54, 15, 16, 0, 0, 0.12%, 0, 0, 4, 352.76
1628904546, 55, 12, 16, 0, 0, 0.12%, 0, 0, 4, 78.05
1628904551, 56, 1, 16, 0, 0, 0.12%, 0, 0, 4, 412.97
1628904556, 56, 15, 16, 0, 0, 0.12%, 0, 0, 4, 406.60
1628904561, 57, 12, 16, 0, 0, 0.12%, 0, 0, 4, 388.45
1628904567, 58, 6, 16, 0, 0, 0.12%, 0, 0, 4, 414.04
1628904572, 58, 15, 16, 0, 0, 0.12%, 0, 0, 4, 388.19
1628904577, 59, 14, 16, 0, 0, 0.12%, 0, 0, 4, 403.75
1628904582, 60, 6, 16, 0, 0, 0.12%, 0, 0, 4, 411.62
1628904587, 60, 15, 16, 0, 0, 0.12%, 0, 0, 4, 413.96
1628904592, 61, 14, 16, 0, 0, 0.12%, 0, 0, 4, 414.15
1628904597, 62, 12, 16, 0, 0, 0.12%, 0, 0, 4, 413.02
1628904602, 63, 6, 16, 0, 0, 0.12%, 0, 0, 4, 410.88
1628904607, 63, 15, 16, 0, 0, 0.12%, 0, 0, 4, 431.16
1628904612, 64, 14, 16, 0, 0, 0.12%, 0, 0, 4, 406.17
1628904617, 65, 12, 16, 0, 0, 0.12%, 0, 0, 4, 398.35
1628904622, 66, 8, 16, 0, 0, 0.12%, 0, 0, 4, 433.21
1628904628, 66, 15, 16, 0, 0, 0.12%, 0, 0, 4, 422.53
1628904633, 67, 14, 16, 0, 0, 0.12%, 0, 0, 4, 412.84
1628904638, 68, 6, 16, 0, 0, 0.12%, 0, 0, 4, 374.50
1628904643, 68, 15, 16, 0, 0, 0.12%, 0, 0, 4, 287.74
