# unix_time, cycles_done, cur_path, paths_total, pending_total, pending_favs, map_size, unique_crashes, unique_hangs, max_depth, execs_per_sec
1628204256, 0, 0, 1, 1, 1, 0.00%, 0, 0, 1, 54.05
1628204261, 8, 0, 1, 0, 0, 0.00%, 0, 0, 1, 660.30
1628204266, 22, 0, 1, 0, 0, 0.00%, 0, 0, 1, 692.75
1628204271, 36, 0, 1, 0, 0, 0.00%, 0, 0, 1, 679.43
1628204276, 49, 0, 1, 0, 0, 0.00%, 0, 0, 1, 676.56
1628204281, 61, 0, 1, 0, 0, 0.00%, 0, 0, 1, 651.27
1628204286, 74, 0, 1, 0, 0, 0.00%, 0, 0, 1, 643.84
1628204291, 88, 0, 1, 0, 0, 0.00%, 0, 0, 1, 666.21
1628204296, 100, 0, 1, 0, 0, 0.00%, 0, 0, 1, 647.83
1628204301, 114, 0, 1, 0, 0, 0.00%, 0, 0, 1, 646.17
1628204306, 127, 0, 1, 0, 0, 0.00%, 0, 0, 1, 664.39
1628204312, 141, 0, 1, 0, 0, 0.00%, 0, 0, 1, 695.47
1628204317, 154, 0, 1, 0, 0, 0.00%, 0, 0, 1, 675.71
1628204322, 167, 0, 1, 0, 0, 0.00%, 0, 0, 1, 671.01
1628204327, 181, 0, 1, 0, 0, 0.00%, 0, 0, 1, 685.23
1628204332, 194, 0, 1, 0, 0, 0.00%, 0, 0, 1, 652.08
1628204337, 207, 0, 1, 0, 0, 0.00%, 0, 0, 1, 649.91
1628204342, 219, 0, 1, 0, 0, 0.00%, 0, 0, 1, 646.67
1628204347, 232, 0, 1, 0, 0, 0.00%, 0, 0, 1, 631.06
1628204352, 244, 0, 1, 0, 0, 0.00%, 0, 0, 1, 640.30
1628204357, 257, 0, 1, 0, 0, 0.00%, 0, 0, 1, 653.09
1628204362, 270, 0, 1, 0, 0, 0.00%, 0, 0, 1, 650.95
1628204367, 282, 0, 1, 0, 0, 0.00%, 0, 0, 1, 622.32
1628204372, 293, 0, 1, 0, 0, 0.00%, 0, 0, 1, 589.81
1628204377, 306, 0, 1, 0, 0, 0.00%, 0, 0, 1, 652.31
1628204382, 320, 0, 1, 0, 0, 0.00%, 0, 0, 1, 670.48
1628204388, 334, 0, 1, 0, 0, 0.00%, 0, 0, 1, 680.92
1628204393, 347, 0, 1, 0, 0, 0.00%, 0, 0, 1, 683.75
1628204398, 361, 0, 1, 0, 0, 0.00%, 0, 0, 1, 675.92
1628204403, 374, 0, 1, 0, 0, 0.00%, 0, 0, 1, 670.53
1628204408, 387, 0, 1, 0, 0, 0.00%, 0, 0, 1, 668.92
1628204413, 400, 0, 1, 0, 0, 0.00%, 0, 0, 1, 670.63
1628204418, 414, 0, 1, 0, 0, 0.00%, 0, 0, 1, 674.72
1628204424, 428, 0, 1, 0, 0, 0.00%, 0, 0, 1, 668.77
1628204429, 442, 0, 1, 0, 0, 0.00%, 0, 0, 1, 683.25
1628204434, 456, 0, 1, 0, 0, 0.00%, 0, 0, 1, 682.99
1628204439, 469, 0, 1, 0, 0, 0.00%, 0, 0, 1, 679.58
1628204444, 483, 0, 1, 0, 0, 0.00%, 0, 0, 1, 672.83
1628204449, 496, 0, 1, 0, 0, 0.00%, 0, 0, 1, 667.99
1628204455, 510, 0, 1, 0, 0, 0.00%, 0, 0, 1, 670.33
1628204460, 524, 0, 1, 0, 0, 0.00%, 0, 0, 1, 680.87
1628204465, 537, 0, 1, 0, 0, 0.00%, 0, 0, 1, 673.28
1628204470, 550, 0, 1, 0, 0, 0.00%, 0, 0, 1, 662.04
1628204475, 563, 0, 1, 0, 0, 0.00%, 0, 0, 1, 670.31
1628204480, 577, 0, 1, 0, 0, 0.00%, 0, 0, 1, 681.52
1628204485, 591, 0, 1, 0, 0, 0.00%, 0, 0, 1, 673.23
1628204490, 604, 0, 1, 0, 0, 0.00%, 0, 0, 1, 665.66
1628204496, 618, 0, 1, 0, 0, 0.00%, 0, 0, 1, 675.36
1628204501, 631, 0, 1, 0, 0, 0.00%, 0, 0, 1, 670.25
1628204506, 644, 0, 1, 0, 0, 0.00%, 0, 0, 1, 669.10
1628204511, 657, 0, 1, 0, 0, 0.00%, 0, 0, 1, 666.67
1628204516, 670, 0, 1, 0, 0, 0.00%, 0, 0, 1, 663.22
1628204521, 683, 0, 1, 0, 0, 0.00%, 0, 0, 1, 662.72
1628204526, 697, 0, 1, 0, 0, 0.00%, 0, 0, 1, 673.80
1628204531, 710, 0, 1, 0, 0, 0.00%, 0, 0, 1, 660.55
1628204536, 723, 0, 1, 0, 0, 0.00%, 0, 0, 1, 661.20
1628204541, 737, 0, 1, 0, 0, 0.00%, 0, 0, 1, 688.53
1628204546, 751, 0, 1, 0, 0, 0.00%, 0, 0, 1, 666.95
1628204552, 764, 0, 1, 0, 0, 0.00%, 0, 0, 1, 680.49
1628204557, 778, 0, 1, 0, 0, 0.00%, 0, 0, 1, 676.19
1628204562, 791, 0, 1, 0, 0, 0.00%, 0, 0, 1, 660.02
1628204567, 804, 0, 1, 0, 0, 0.00%, 0, 0, 1, 655.38
1628204572, 817, 0, 1, 0, 0, 0.00%, 0, 0, 1, 656.75
1628204577, 830, 0, 1, 0, 0, 0.00%, 0, 0, 1, 662.43
1628204582, 843, 0, 1, 0, 0, 0.00%, 0, 0, 1, 667.68
1628204587, 856, 0, 1, 0, 0, 0.00%, 0, 0, 1, 672.71
1628204592, 870, 0, 1, 0, 0, 0.00%, 0, 0, 1, 681.03
1628204597, 884, 0, 1, 0, 0, 0.00%, 0, 0, 1, 680.85
1628204603, 898, 0, 1, 0, 0, 0.00%, 0, 0, 1, 682.73
1628204608, 911, 0, 1, 0, 0, 0.00%, 0, 0, 1, 671.98
1628204613, 924, 0, 1, 0, 0, 0.00%, 0, 0, 1, 671.91
1628204618, 938, 0, 1, 0, 0, 0.00%, 0, 0, 1, 678.72
1628204623, 951, 0, 1, 0, 0, 0.00%, 0, 0, 1, 671.39
1628204628, 964, 0, 1, 0, 0, 0.00%, 0, 0, 1, 665.83
1628204633, 978, 0, 1, 0, 0, 0.00%, 0, 0, 1, 669.18
1628204638, 991, 0, 1, 0, 0, 0.00%, 0, 0, 1, 679.01
1628204643, 1005, 0, 1, 0, 0, 0.00%, 0, 0, 1, 689.10
1628204649, 1019, 0, 1, 0, 0, 0.00%, 0, 0, 1, 679.57
1628204654, 1032, 0, 1, 0, 0, 0.00%, 0, 0, 1, 677.74
1628204659, 1045, 0, 1, 0, 0, 0.00%, 0, 0, 1, 669.89
1628204664, 1059, 0, 1, 0, 0, 0.00%, 0, 0, 1, 678.30
1628204669, 1072, 0, 1, 0, 0, 0.00%, 0, 0, 1, 669.92
1628204674, 1086, 0, 1, 0, 0, 0.00%, 0, 0, 1, 679.77
1628204679, 1099, 0, 1, 0, 0, 0.00%, 0, 0, 1, 680.36
1628204684, 1112, 0, 1, 0, 0, 0.00%, 0, 0, 1, 655.14
1628204689, 1125, 0, 1, 0, 0, 0.00%, 0, 0, 1, 659.97
1628204694, 1139, 0, 1, 0, 0, 0.00%, 0, 0, 1, 681.21
1628204699, 1152, 0, 1, 0, 0, 0.00%, 0, 0, 1, 677.49
1628204704, 1166, 0, 1, 0, 0, 0.00%, 0, 0, 1, 677.11
1628204709, 1179, 0, 1, 0, 0, 0.00%, 0, 0, 1, 653.17
1628204715, 1192, 0, 1, 0, 0, 0.00%, 0, 0, 1, 654.29
1628204720, 1204, 0, 1, 0, 0, 0.00%, 0, 0, 1, 656.87
1628204725, 1218, 0, 1, 0, 0, 0.00%, 0, 0, 1, 662.27
1628204730, 1231, 0, 1, 0, 0, 0.00%, 0, 0, 1, 662.65
1628204735, 1244, 0, 1, 0, 0, 0.00%, 0, 0, 1, 662.40
1628204740, 1257, 0, 1, 0, 0, 0.00%, 0, 0, 1, 667.01
1628204745, 1270, 0, 1, 0, 0, 0.00%, 0, 0, 1, 666.06
1628204750, 1284, 0, 1, 0, 0, 0.00%, 0, 0, 1, 672.63
1628204755, 1297, 0, 1, 0, 0, 0.00%, 0, 0, 1, 665.37
1628204760, 1310, 0, 1, 0, 0, 0.00%, 0, 0, 1, 661.51
1628204765, 1323, 0, 1, 0, 0, 0.00%, 0, 0, 1, 649.60
1628204770, 1335, 0, 1, 0, 0, 0.00%, 0, 0, 1, 641.69
1628204775, 1348, 0, 1, 0, 0, 0.00%, 0, 0, 1, 653.45
1628204780, 1362, 0, 1, 0, 0, 0.00%, 0, 0, 1, 665.15
1628204785, 1375, 0, 1, 0, 0, 0.00%, 0, 0, 1, 656.13
1628204790, 1387, 0, 1, 0, 0, 0.00%, 0, 0, 1, 648.49
1628204796, 1401, 0, 1, 0, 0, 0.00%, 0, 0, 1, 667.05
1628204801, 1414, 0, 1, 0, 0, 0.00%, 0, 0, 1, 661.73
1628204806, 1427, 0, 1, 0, 0, 0.00%, 0, 0, 1, 659.87
1628204811, 1440, 0, 1, 0, 0, 0.00%, 0, 0, 1, 663.34
1628204816, 1454, 0, 1, 0, 0, 0.00%, 0, 0, 1, 670.97
1628204821, 1467, 0, 1, 0, 0, 0.00%, 0, 0, 1, 673.77
1628204826, 1481, 0, 1, 0, 0, 0.00%, 0, 0, 1, 680.20
1628204832, 1495, 0, 1, 0, 0, 0.00%, 0, 0, 1, 672.88
1628204837, 1509, 0, 1, 0, 0, 0.00%, 0, 0, 1, 687.38
1628204842, 1523, 0, 1, 0, 0, 0.00%, 0, 0, 1, 682.29
1628204847, 1536, 0, 1, 0, 0, 0.00%, 0, 0, 1, 676.94
1628204852, 1549, 0, 1, 0, 0, 0.00%, 0, 0, 1, 677.66
1628204857, 1562, 0, 1, 0, 0, 0.00%, 0, 0, 1, 628.86
1628204862, 1572, 0, 1, 0, 0, 0.00%, 0, 0, 1, 542.42
1628204867, 1583, 0, 1, 0, 0, 0.00%, 0, 0, 1, 529.19
1628204872, 1594, 0, 1, 0, 0, 0.00%, 0, 0, 1, 539.19
1628204877, 1604, 0, 1, 0, 0, 0.00%, 0, 0, 1, 500.65
1628204882, 1614, 0, 1, 0, 0, 0.00%, 0, 0, 1, 512.60
1628204887, 1624, 0, 1, 0, 0, 0.00%, 0, 0, 1, 515.51
1628204893, 1635, 0, 1, 0, 0, 0.00%, 0, 0, 1, 519.04
1628204898, 1645, 0, 1, 0, 0, 0.00%, 0, 0, 1, 505.52
1628204903, 1655, 0, 1, 0, 0, 0.00%, 0, 0, 1, 531.73
1628204908, 1666, 0, 1, 0, 0, 0.00%, 0, 0, 1, 544.95
1628204913, 1677, 0, 1, 0, 0, 0.00%, 0, 0, 1, 533.26
1628204918, 1687, 0, 1, 0, 0, 0.00%, 0, 0, 1, 511.32
1628204923, 1697, 0, 1, 0, 0, 0.00%, 0, 0, 1, 522.17
1628204928, 1707, 0, 1, 0, 0, 0.00%, 0, 0, 1, 510.32
1628204933, 1718, 0, 1, 0, 0, 0.00%, 0, 0, 1, 530.35
1628204938, 1729, 0, 1, 0, 0, 0.00%, 0, 0, 1, 529.83
1628204943, 1739, 0, 1, 0, 0, 0.00%, 0, 0, 1, 531.47
1628204949, 1749, 0, 1, 0, 0, 0.00%, 0, 0, 1, 509.38
1628204954, 1759, 0, 1, 0, 0, 0.00%, 0, 0, 1, 516.68
1628204959, 1769, 0, 1, 0, 0, 0.00%, 0, 0, 1, 530.11
1628204964, 1780, 0, 1, 0, 0, 0.00%, 0, 0, 1, 530.17
1628204969, 1790, 0, 1, 0, 0, 0.00%, 0, 0, 1, 545.91
1628204974, 1801, 0, 1, 0, 0, 0.00%, 0, 0, 1, 523.12
1628204979, 1811, 0, 1, 0, 0, 0.00%, 0, 0, 1, 500.97
1628204984, 1821, 0, 1, 0, 0, 0.00%, 0, 0, 1, 519.60
1628204989, 1831, 0, 1, 0, 0, 0.00%, 0, 0, 1, 523.79
1628204994, 1841, 0, 1, 0, 0, 0.00%, 0, 0, 1, 499.96
1628204999, 1851, 0, 1, 0, 0, 0.00%, 0, 0, 1, 514.95
1628205004, 1861, 0, 1, 0, 0, 0.00%, 0, 0, 1, 503.61
1628205009, 1870, 0, 1, 0, 0, 0.00%, 0, 0, 1, 484.11
1628205014, 1879, 0, 1, 0, 0, 0.00%, 0, 0, 1, 466.23
1628205019, 1888, 0, 1, 0, 0, 0.00%, 0, 0, 1, 462.00
1628205025, 1898, 0, 1, 0, 0, 0.00%, 0, 0, 1, 489.39
1628205030, 1908, 0, 1, 0, 0, 0.00%, 0, 0, 1, 493.92
1628205035, 1918, 0, 1, 0, 0, 0.00%, 0, 0, 1, 509.20
1628205040, 1927, 0, 1, 0, 0, 0.00%, 0, 0, 1, 480.39
1628205045, 1937, 0, 1, 0, 0, 0.00%, 0, 0, 1, 509.44
1628205050, 1947, 0, 1, 0, 0, 0.00%, 0, 0, 1, 506.56
1628205055, 1958, 0, 1, 0, 0, 0.00%, 0, 0, 1, 511.67
1628205060, 1968, 0, 1, 0, 0, 0.00%, 0, 0, 1, 513.86
1628205065, 1979, 0, 1, 0, 0, 0.00%, 0, 0, 1, 510.10
1628205070, 1989, 0, 1, 0, 0, 0.00%, 0, 0, 1, 530.53
1628205075, 1999, 0, 1, 0, 0, 0.00%, 0, 0, 1, 499.78
1628205080, 2008, 0, 1, 0, 0, 0.00%, 0, 0, 1, 489.06
1628205085, 2018, 0, 1, 0, 0, 0.00%, 0, 0, 1, 495.98
1628205090, 2028, 0, 1, 0, 0, 0.00%, 0, 0, 1, 503.62
1628205096, 2039, 0, 1, 0, 0, 0.00%, 0, 0, 1, 505.33
1628205101, 2048, 0, 1, 0, 0, 0.00%, 0, 0, 1, 486.86
1628205106, 2058, 0, 1, 0, 0, 0.00%, 0, 0, 1, 480.84
1628205111, 2068, 0, 1, 0, 0, 0.00%, 0, 0, 1, 512.75
1628205116, 2078, 0, 1, 0, 0, 0.00%, 0, 0, 1, 504.39
1628205121, 2088, 0, 1, 0, 0, 0.00%, 0, 0, 1, 506.43
1628205126, 2098, 0, 1, 0, 0, 0.00%, 0, 0, 1, 516.99
1628205131, 2109, 0, 1, 0, 0, 0.00%, 0, 0, 1, 535.03
1628205136, 2119, 0, 1, 0, 0, 0.00%, 0, 0, 1, 493.53
1628205141, 2128, 0, 1, 0, 0, 0.00%, 0, 0, 1, 494.57
1628205146, 2139, 0, 1, 0, 0, 0.00%, 0, 0, 1, 512.43
1628205151, 2149, 0, 1, 0, 0, 0.00%, 0, 0, 1, 538.89
1628205156, 2160, 0, 1, 0, 0, 0.00%, 0, 0, 1, 523.34
1628205161, 2170, 0, 1, 0, 0, 0.00%, 0, 0, 1, 510.43
1628205166, 2180, 0, 1, 0, 0, 0.00%, 0, 0, 1, 509.85
1628205172, 2191, 0, 1, 0, 0, 0.00%, 0, 0, 1, 528.59
1628205177, 2201, 0, 1, 0, 0, 0.00%, 0, 0, 1, 514.78
1628205182, 2211, 0, 1, 0, 0, 0.00%, 0, 0, 1, 507.28
1628205187, 2221, 0, 1, 0, 0, 0.00%, 0, 0, 1, 518.39
1628205192, 2231, 0, 1, 0, 0, 0.00%, 0, 0, 1, 520.94
1628205197, 2241, 0, 1, 0, 0, 0.00%, 0, 0, 1, 520.89
1628205202, 2251, 0, 1, 0, 0, 0.00%, 0, 0, 1, 530.62
1628205207, 2262, 0, 1, 0, 0, 0.00%, 0, 0, 1, 531.59
1628205212, 2272, 0, 1, 0, 0, 0.00%, 0, 0, 1, 517.59
1628205217, 2282, 0, 1, 0, 0, 0.00%, 0, 0, 1, 494.13
1628205222, 2292, 0, 1, 0, 0, 0.00%, 0, 0, 1, 499.99
1628205227, 2302, 0, 1, 0, 0, 0.00%, 0, 0, 1, 522.02
1628205232, 2312, 0, 1, 0, 0, 0.00%, 0, 0, 1, 490.05
1628205237, 2322, 0, 1, 0, 0, 0.00%, 0, 0, 1, 534.40
1628205243, 2333, 0, 1, 0, 0, 0.00%, 0, 0, 1, 516.38
1628205248, 2343, 0, 1, 0, 0, 0.00%, 0, 0, 1, 531.09
1628205253, 2353, 0, 1, 0, 0, 0.00%, 0, 0, 1, 505.27
1628205258, 2363, 0, 1, 0, 0, 0.00%, 0, 0, 1, 494.84
1628205263, 2373, 0, 1, 0, 0, 0.00%, 0, 0, 1, 501.71
1628205268, 2383, 0, 1, 0, 0, 0.00%, 0, 0, 1, 500.47
1628205273, 2393, 0, 1, 0, 0, 0.00%, 0, 0, 1, 511.86
1628205278, 2403, 0, 1, 0, 0, 0.00%, 0, 0, 1, 509.69
1628205283, 2413, 0, 1, 0, 0, 0.00%, 0, 0, 1, 498.60
1628205288, 2422, 0, 1, 0, 0, 0.00%, 0, 0, 1, 499.49
1628205293, 2433, 0, 1, 0, 0, 0.00%, 0, 0, 1, 503.56
1628205299, 2443, 0, 1, 0, 0, 0.00%, 0, 0, 1, 514.35
1628205304, 2453, 0, 1, 0, 0, 0.00%, 0, 0, 1, 512.04
1628205309, 2463, 0, 1, 0, 0, 0.00%, 0, 0, 1, 513.00
1628205314, 2473, 0, 1, 0, 0, 0.00%, 0, 0, 1, 497.67
1628205319, 2483, 0, 1, 0, 0, 0.00%, 0, 0, 1, 508.32
1628205324, 2494, 0, 1, 0, 0, 0.00%, 0, 0, 1, 544.09
1628205329, 2504, 0, 1, 0, 0, 0.00%, 0, 0, 1, 505.20
1628205334, 2513, 0, 1, 0, 0, 0.00%, 0, 0, 1, 496.64
1628205339, 2524, 0, 1, 0, 0, 0.00%, 0, 0, 1, 503.37
1628205344, 2534, 0, 1, 0, 0, 0.00%, 0, 0, 1, 516.03
1628205349, 2544, 0, 1, 0, 0, 0.00%, 0, 0, 1, 521.44
1628205354, 2555, 0, 1, 0, 0, 0.00%, 0, 0, 1, 533.76
1628205359, 2565, 0, 1, 0, 0, 0.00%, 0, 0, 1, 524.17
1628205364, 2575, 0, 1, 0, 0, 0.00%, 0, 0, 1, 520.03
1628205370, 2585, 0, 1, 0, 0, 0.00%, 0, 0, 1, 481.16
1628205375, 2594, 0, 1, 0, 0, 0.00%, 0, 0, 1, 493.91
1628205380, 2605, 0, 1, 0, 0, 0.00%, 0, 0, 1, 505.36
1628205385, 2615, 0, 1, 0, 0, 0.00%, 0, 0, 1, 516.70
1628205390, 2626, 0, 1, 0, 0, 0.00%, 0, 0, 1, 521.94
1628205395, 2636, 0, 1, 0, 0, 0.00%, 0, 0, 1, 518.98
1628205400, 2647, 0, 1, 0, 0, 0.00%, 0, 0, 1, 542.99
1628205405, 2657, 0, 1, 0, 0, 0.00%, 0, 0, 1, 534.31
1628205410, 2668, 0, 1, 0, 0, 0.00%, 0, 0, 1, 541.03
1628205415, 2678, 0, 1, 0, 0, 0.00%, 0, 0, 1, 513.60
1628205421, 2689, 0, 1, 0, 0, 0.00%, 0, 0, 1, 542.37
1628205426, 2699, 0, 1, 0, 0, 0.00%, 0, 0, 1, 512.45
1628205431, 2709, 0, 1, 0, 0, 0.00%, 0, 0, 1, 512.02
1628205436, 2721, 0, 1, 0, 0, 0.00%, 0, 0, 1, 558.36
1628205441, 2730, 0, 1, 0, 0, 0.00%, 0, 0, 1, 501.38
1628205446, 2741, 0, 1, 0, 0, 0.00%, 0, 0, 1, 519.75
1628205451, 2751, 0, 1, 0, 0, 0.00%, 0, 0, 1, 503.89
1628205456, 2761, 0, 1, 0, 0, 0.00%, 0, 0, 1, 525.98
