# unix_time, cycles_done, cur_path, paths_total, pending_total, pending_favs, map_size, unique_crashes, unique_hangs, max_depth, execs_per_sec
1634225027, 0, 0, 1, 1, 1, 0.07%, 0, 0, 1, 48.78
1634225032, 0, 0, 18, 18, 1, 0.11%, 0, 0, 2, 261.84
1634225037, 0, 0, 22, 22, 1, 0.11%, 0, 0, 2, 329.33
1634225057, 0, 0, 23, 23, 1, 0.11%, 0, 0, 2, 359.53
1634225062, 0, 0, 24, 24, 1, 0.11%, 0, 0, 2, 356.38
1634225093, 0, 0, 25, 25, 1, 0.11%, 0, 0, 2, 359.19
1634225114, 0, 0, 26, 26, 1, 0.11%, 0, 0, 2, 358.01
1634225359, 0, 0, 28, 28, 1, 0.11%, 0, 0, 2, 352.29
1634225461, 0, 0, 38, 38, 1, 0.12%, 0, 0, 2, 356.84
1634225466, 0, 0, 42, 42, 1, 0.12%, 0, 0, 2, 357.22
1634225471, 0, 0, 45, 45, 1, 0.13%, 0, 0, 2, 355.61
1634225476, 0, 0, 47, 47, 1, 0.13%, 0, 0, 2, 363.15
1634225481, 0, 0, 49, 49, 1, 0.13%, 0, 0, 2, 362.72
1634225496, 0, 0, 50, 50, 1, 0.13%, 0, 0, 2, 362.21
1634225506, 0, 15, 50, 49, 6, 0.13%, 0, 0, 2, 359.24
1634225512, 0, 15, 51, 50, 6, 0.13%, 0, 0, 3, 354.48
1634225679, 0, 15, 52, 51, 6, 0.13%, 0, 0, 3, 355.77
1634225938, 0, 25, 52, 50, 6, 0.13%, 0, 0, 3, 359.38
1634225943, 0, 25, 54, 52, 6, 0.14%, 0, 0, 3, 358.68
