# unix_time, cycles_done, cur_path, paths_total, pending_total, pending_favs, map_size, unique_crashes, unique_hangs, max_depth, execs_per_sec
1628203015, 0, 0, 1, 1, 1, 0.00%, 0, 0, 1, 81.63
1628203021, 3, 0, 1, 0, 0, 0.00%, 0, 0, 1, 406.85
1628203026, 15, 0, 1, 0, 0, 0.00%, 0, 0, 1, 576.89
1628203031, 27, 0, 1, 0, 0, 0.00%, 0, 0, 1, 625.52
1628203036, 40, 0, 1, 0, 0, 0.00%, 0, 0, 1, 633.78
1628203041, 53, 0, 1, 0, 0, 0.00%, 0, 0, 1, 638.04
1628203046, 64, 0, 1, 0, 0, 0.00%, 0, 0, 1, 574.72
1628203051, 76, 0, 1, 0, 0, 0.00%, 0, 0, 1, 628.31
1628203056, 88, 0, 1, 0, 0, 0.00%, 0, 0, 1, 610.44
1628203061, 101, 0, 1, 0, 0, 0.00%, 0, 0, 1, 657.58
1628203066, 115, 0, 1, 0, 0, 0.00%, 0, 0, 1, 672.66
1628203071, 128, 0, 1, 0, 0, 0.00%, 0, 0, 1, 684.48
1628203077, 142, 0, 1, 0, 0, 0.00%, 0, 0, 1, 671.74
1628203082, 154, 0, 1, 0, 0, 0.00%, 0, 0, 1, 636.82
1628203087, 167, 0, 1, 0, 0, 0.00%, 0, 0, 1, 663.45
1628203092, 180, 0, 1, 0, 0, 0.00%, 0, 0, 1, 648.13
1628203097, 193, 0, 1, 0, 0, 0.00%, 0, 0, 1, 663.34
1628203102, 206, 0, 1, 0, 0, 0.00%, 0, 0, 1, 660.99
1628203107, 219, 0, 1, 0, 0, 0.00%, 0, 0, 1, 654.83
1628203112, 232, 0, 1, 0, 0, 0.00%, 0, 0, 1, 653.89
1628203117, 245, 0, 1, 0, 0, 0.00%, 0, 0, 1, 675.24
1628203122, 259, 0, 1, 0, 0, 0.00%, 0, 0, 1, 676.75
1628203127, 272, 0, 1, 0, 0, 0.00%, 0, 0, 1, 679.10
1628203132, 286, 0, 1, 0, 0, 0.00%, 0, 0, 1, 678.33
1628203137, 300, 0, 1, 0, 0, 0.00%, 0, 0, 1, 685.28
1628203142, 313, 0, 1, 0, 0, 0.00%, 0, 0, 1, 684.97
1628203148, 327, 0, 1, 0, 0, 0.00%, 0, 0, 1, 688.14
1628203153, 341, 0, 1, 0, 0, 0.00%, 0, 0, 1, 681.18
1628203158, 355, 0, 1, 0, 0, 0.00%, 0, 0, 1, 686.02
1628203163, 369, 0, 1, 0, 0, 0.00%, 0, 0, 1, 688.75
1628203168, 382, 0, 1, 0, 0, 0.00%, 0, 0, 1, 677.92
1628203173, 395, 0, 1, 0, 0, 0.00%, 0, 0, 1, 678.30
1628203178, 408, 0, 1, 0, 0, 0.00%, 0, 0, 1, 666.62
1628203183, 421, 0, 1, 0, 0, 0.00%, 0, 0, 1, 659.00
1628203188, 435, 0, 1, 0, 0, 0.00%, 0, 0, 1, 668.73
1628203193, 448, 0, 1, 0, 0, 0.00%, 0, 0, 1, 676.85
1628203198, 461, 0, 1, 0, 0, 0.00%, 0, 0, 1, 673.16
1628203204, 476, 0, 1, 0, 0, 0.00%, 0, 0, 1, 697.50
1628203209, 488, 0, 1, 0, 0, 0.00%, 0, 0, 1, 655.31
1628203214, 500, 0, 1, 0, 0, 0.00%, 0, 0, 1, 572.50
1628203219, 512, 0, 1, 0, 0, 0.00%, 0, 0, 1, 595.30
1628203224, 524, 0, 1, 0, 0, 0.00%, 0, 0, 1, 616.41
1628203229, 537, 0, 1, 0, 0, 0.00%, 0, 0, 1, 664.09
1628203234, 550, 0, 1, 0, 0, 0.00%, 0, 0, 1, 643.66
1628203239, 563, 0, 1, 0, 0, 0.00%, 0, 0, 1, 667.94
1628203244, 577, 0, 1, 0, 0, 0.00%, 0, 0, 1, 671.62
1628203249, 590, 0, 1, 0, 0, 0.00%, 0, 0, 1, 661.33
1628203255, 602, 0, 1, 0, 0, 0.00%, 0, 0, 1, 641.57
1628203260, 616, 0, 1, 0, 0, 0.00%, 0, 0, 1, 663.24
1628203265, 630, 0, 1, 0, 0, 0.00%, 0, 0, 1, 670.70
1628203270, 642, 0, 1, 0, 0, 0.00%, 0, 0, 1, 651.15
1628203275, 655, 0, 1, 0, 0, 0.00%, 0, 0, 1, 648.46
1628203280, 668, 0, 1, 0, 0, 0.00%, 0, 0, 1, 654.13
1628203285, 681, 0, 1, 0, 0, 0.00%, 0, 0, 1, 661.72
1628203290, 693, 0, 1, 0, 0, 0.00%, 0, 0, 1, 633.83
1628203295, 706, 0, 1, 0, 0, 0.00%, 0, 0, 1, 624.13
1628203300, 718, 0, 1, 0, 0, 0.00%, 0, 0, 1, 621.97
1628203305, 729, 0, 1, 0, 0, 0.00%, 0, 0, 1, 577.50
1628203310, 742, 0, 1, 0, 0, 0.00%, 0, 0, 1, 644.74
1628203315, 754, 0, 1, 0, 0, 0.00%, 0, 0, 1, 625.55
1628203320, 767, 0, 1, 0, 0, 0.00%, 0, 0, 1, 652.29
1628203326, 780, 0, 1, 0, 0, 0.00%, 0, 0, 1, 648.90
1628203331, 793, 0, 1, 0, 0, 0.00%, 0, 0, 1, 650.36
1628203336, 805, 0, 1, 0, 0, 0.00%, 0, 0, 1, 642.79
1628203341, 818, 0, 1, 0, 0, 0.00%, 0, 0, 1, 644.86
1628203346, 831, 0, 1, 0, 0, 0.00%, 0, 0, 1, 656.35
1628203351, 843, 0, 1, 0, 0, 0.00%, 0, 0, 1, 641.45
1628203356, 856, 0, 1, 0, 0, 0.00%, 0, 0, 1, 662.02
1628203361, 869, 0, 1, 0, 0, 0.00%, 0, 0, 1, 644.56
1628203366, 882, 0, 1, 0, 0, 0.00%, 0, 0, 1, 641.05
1628203371, 894, 0, 1, 0, 0, 0.00%, 0, 0, 1, 637.67
1628203376, 907, 0, 1, 0, 0, 0.00%, 0, 0, 1, 655.92
1628203381, 920, 0, 1, 0, 0, 0.00%, 0, 0, 1, 626.91
1628203386, 932, 0, 1, 0, 0, 0.00%, 0, 0, 1, 634.02
1628203391, 944, 0, 1, 0, 0, 0.00%, 0, 0, 1, 584.20
1628203396, 956, 0, 1, 0, 0, 0.00%, 0, 0, 1, 624.76
1628203401, 969, 0, 1, 0, 0, 0.00%, 0, 0, 1, 605.36
1628203406, 981, 0, 1, 0, 0, 0.00%, 0, 0, 1, 600.19
1628203412, 992, 0, 1, 0, 0, 0.00%, 0, 0, 1, 588.45
1628203417, 1005, 0, 1, 0, 0, 0.00%, 0, 0, 1, 635.46
1628203422, 1018, 0, 1, 0, 0, 0.00%, 0, 0, 1, 627.64
1628203427, 1031, 0, 1, 0, 0, 0.00%, 0, 0, 1, 654.85
1628203432, 1044, 0, 1, 0, 0, 0.00%, 0, 0, 1, 655.13
1628203437, 1056, 0, 1, 0, 0, 0.00%, 0, 0, 1, 626.37
1628203442, 1069, 0, 1, 0, 0, 0.00%, 0, 0, 1, 647.37
1628203447, 1083, 0, 1, 0, 0, 0.00%, 0, 0, 1, 677.50
1628203452, 1096, 0, 1, 0, 0, 0.00%, 0, 0, 1, 678.18
1628203457, 1109, 0, 1, 0, 0, 0.00%, 0, 0, 1, 674.37
1628203462, 1122, 0, 1, 0, 0, 0.00%, 0, 0, 1, 674.85
1628203468, 1136, 0, 1, 0, 0, 0.00%, 0, 0, 1, 676.45
1628203473, 1149, 0, 1, 0, 0, 0.00%, 0, 0, 1, 666.46
1628203478, 1162, 0, 1, 0, 0, 0.00%, 0, 0, 1, 644.36
1628203483, 1175, 0, 1, 0, 0, 0.00%, 0, 0, 1, 659.00
1628203488, 1188, 0, 1, 0, 0, 0.00%, 0, 0, 1, 668.58
1628203493, 1201, 0, 1, 0, 0, 0.00%, 0, 0, 1, 666.36
1628203498, 1214, 0, 1, 0, 0, 0.00%, 0, 0, 1, 661.14
1628203503, 1227, 0, 1, 0, 0, 0.00%, 0, 0, 1, 667.45
1628203508, 1241, 0, 1, 0, 0, 0.00%, 0, 0, 1, 670.20
1628203513, 1253, 0, 1, 0, 0, 0.00%, 0, 0, 1, 643.38
1628203518, 1266, 0, 1, 0, 0, 0.00%, 0, 0, 1, 667.71
1628203523, 1278, 0, 1, 0, 0, 0.00%, 0, 0, 1, 597.15
1628203528, 1290, 0, 1, 0, 0, 0.00%, 0, 0, 1, 592.38
1628203533, 1303, 0, 1, 0, 0, 0.00%, 0, 0, 1, 629.20
1628203538, 1315, 0, 1, 0, 0, 0.00%, 0, 0, 1, 638.34
1628203543, 1328, 0, 1, 0, 0, 0.00%, 0, 0, 1, 647.92
1628203548, 1341, 0, 1, 0, 0, 0.00%, 0, 0, 1, 658.05
1628203553, 1353, 0, 1, 0, 0, 0.00%, 0, 0, 1, 645.24
1628203559, 1366, 0, 1, 0, 0, 0.00%, 0, 0, 1, 621.45
1628203564, 1377, 0, 1, 0, 0, 0.00%, 0, 0, 1, 595.22
1628203569, 1389, 0, 1, 0, 0, 0.00%, 0, 0, 1, 603.94
1628203574, 1402, 0, 1, 0, 0, 0.00%, 0, 0, 1, 621.14
1628203579, 1414, 0, 1, 0, 0, 0.00%, 0, 0, 1, 628.51
1628203584, 1427, 0, 1, 0, 0, 0.00%, 0, 0, 1, 630.39
1628203589, 1439, 0, 1, 0, 0, 0.00%, 0, 0, 1, 624.09
1628203594, 1452, 0, 1, 0, 0, 0.00%, 0, 0, 1, 635.53
1628203599, 1466, 0, 1, 0, 0, 0.00%, 0, 0, 1, 653.98
1628203604, 1478, 0, 1, 0, 0, 0.00%, 0, 0, 1, 661.00
1628203610, 1492, 0, 1, 0, 0, 0.00%, 0, 0, 1, 659.07
1628203615, 1504, 0, 1, 0, 0, 0.00%, 0, 0, 1, 640.85
1628203620, 1515, 0, 1, 0, 0, 0.00%, 0, 0, 1, 537.55
1628203625, 1524, 0, 1, 0, 0, 0.00%, 0, 0, 1, 499.57
1628203630, 1534, 0, 1, 0, 0, 0.00%, 0, 0, 1, 515.47
1628203635, 1544, 0, 1, 0, 0, 0.00%, 0, 0, 1, 515.11
1628203640, 1554, 0, 1, 0, 0, 0.00%, 0, 0, 1, 493.93
1628203645, 1564, 0, 1, 0, 0, 0.00%, 0, 0, 1, 512.45
1628203650, 1574, 0, 1, 0, 0, 0.00%, 0, 0, 1, 498.81
1628203655, 1584, 0, 1, 0, 0, 0.00%, 0, 0, 1, 502.20
1628203660, 1593, 0, 1, 0, 0, 0.00%, 0, 0, 1, 497.99
1628203665, 1603, 0, 1, 0, 0, 0.00%, 0, 0, 1, 514.64
1628203670, 1614, 0, 1, 0, 0, 0.00%, 0, 0, 1, 500.46
1628203675, 1623, 0, 1, 0, 0, 0.00%, 0, 0, 1, 489.81
1628203680, 1633, 0, 1, 0, 0, 0.00%, 0, 0, 1, 492.87
1628203686, 1643, 0, 1, 0, 0, 0.00%, 0, 0, 1, 524.20
1628203691, 1653, 0, 1, 0, 0, 0.00%, 0, 0, 1, 504.08
1628203696, 1664, 0, 1, 0, 0, 0.00%, 0, 0, 1, 512.60
1628203701, 1674, 0, 1, 0, 0, 0.00%, 0, 0, 1, 519.88
1628203706, 1684, 0, 1, 0, 0, 0.00%, 0, 0, 1, 496.79
1628203711, 1693, 0, 1, 0, 0, 0.00%, 0, 0, 1, 494.81
1628203716, 1704, 0, 1, 0, 0, 0.00%, 0, 0, 1, 538.51
1628203721, 1714, 0, 1, 0, 0, 0.00%, 0, 0, 1, 512.21
1628203726, 1724, 0, 1, 0, 0, 0.00%, 0, 0, 1, 500.61
1628203731, 1733, 0, 1, 0, 0, 0.00%, 0, 0, 1, 494.28
1628203737, 1742, 0, 1, 0, 0, 0.00%, 0, 0, 1, 419.07
1628203742, 1749, 0, 1, 0, 0, 0.00%, 0, 0, 1, 440.19
1628203747, 1759, 0, 1, 0, 0, 0.00%, 0, 0, 1, 476.91
1628203752, 1769, 0, 1, 0, 0, 0.00%, 0, 0, 1, 507.56
1628203757, 1779, 0, 1, 0, 0, 0.00%, 0, 0, 1, 532.25
1628203762, 1790, 0, 1, 0, 0, 0.00%, 0, 0, 1, 535.41
1628203767, 1800, 0, 1, 0, 0, 0.00%, 0, 0, 1, 521.17
1628203772, 1811, 0, 1, 0, 0, 0.00%, 0, 0, 1, 526.48
1628203777, 1821, 0, 1, 0, 0, 0.00%, 0, 0, 1, 536.33
1628203782, 1831, 0, 1, 0, 0, 0.00%, 0, 0, 1, 520.09
1628203787, 1841, 0, 1, 0, 0, 0.00%, 0, 0, 1, 526.63
1628203792, 1852, 0, 1, 0, 0, 0.00%, 0, 0, 1, 530.76
1628203797, 1862, 0, 1, 0, 0, 0.00%, 0, 0, 1, 519.67
1628203802, 1872, 0, 1, 0, 0, 0.00%, 0, 0, 1, 507.78
1628203807, 1883, 0, 1, 0, 0, 0.00%, 0, 0, 1, 519.64
1628203812, 1893, 0, 1, 0, 0, 0.00%, 0, 0, 1, 535.62
1628203817, 1904, 0, 1, 0, 0, 0.00%, 0, 0, 1, 534.76
1628203823, 1914, 0, 1, 0, 0, 0.00%, 0, 0, 1, 524.81
1628203828, 1924, 0, 1, 0, 0, 0.00%, 0, 0, 1, 528.56
1628203833, 1934, 0, 1, 0, 0, 0.00%, 0, 0, 1, 494.89
1628203838, 1943, 0, 1, 0, 0, 0.00%, 0, 0, 1, 456.17
1628203843, 1950, 0, 1, 0, 0, 0.00%, 0, 0, 1, 303.11
1628203848, 1960, 0, 1, 0, 0, 0.00%, 0, 0, 1, 458.57
1628203853, 1969, 0, 1, 0, 0, 0.00%, 0, 0, 1, 446.43
1628203858, 1979, 0, 1, 0, 0, 0.00%, 0, 0, 1, 480.45
1628203863, 1988, 0, 1, 0, 0, 0.00%, 0, 0, 1, 475.17
1628203868, 1998, 0, 1, 0, 0, 0.00%, 0, 0, 1, 490.50
1628203873, 2008, 0, 1, 0, 0, 0.00%, 0, 0, 1, 493.05
1628203879, 2018, 0, 1, 0, 0, 0.00%, 0, 0, 1, 515.02
1628203884, 2028, 0, 1, 0, 0, 0.00%, 0, 0, 1, 496.79
1628203889, 2038, 0, 1, 0, 0, 0.00%, 0, 0, 1, 489.46
1628203894, 2048, 0, 1, 0, 0, 0.00%, 0, 0, 1, 483.74
1628203899, 2057, 0, 1, 0, 0, 0.00%, 0, 0, 1, 455.48
1628203904, 2066, 0, 1, 0, 0, 0.00%, 0, 0, 1, 466.45
1628203909, 2076, 0, 1, 0, 0, 0.00%, 0, 0, 1, 485.48
1628203914, 2084, 0, 1, 0, 0, 0.00%, 0, 0, 1, 447.96
1628203919, 2092, 0, 1, 0, 0, 0.00%, 0, 0, 1, 402.09
1628203924, 2100, 0, 1, 0, 0, 0.00%, 0, 0, 1, 432.31
1628203929, 2109, 0, 1, 0, 0, 0.00%, 0, 0, 1, 445.05
1628203934, 2120, 0, 1, 0, 0, 0.00%, 0, 0, 1, 513.43
1628203940, 2128, 0, 1, 0, 0, 0.00%, 0, 0, 1, 441.22
1628203945, 2136, 0, 1, 0, 0, 0.00%, 0, 0, 1, 415.12
1628203950, 2145, 0, 1, 0, 0, 0.00%, 0, 0, 1, 457.42
1628203955, 2154, 0, 1, 0, 0, 0.00%, 0, 0, 1, 425.52
1628203960, 2163, 0, 1, 0, 0, 0.00%, 0, 0, 1, 449.55
1628203965, 2173, 0, 1, 0, 0, 0.00%, 0, 0, 1, 489.35
1628203970, 2183, 0, 1, 0, 0, 0.00%, 0, 0, 1, 515.20
1628203975, 2192, 0, 1, 0, 0, 0.00%, 0, 0, 1, 443.60
1628203981, 2200, 0, 1, 0, 0, 0.00%, 0, 0, 1, 440.89
1628203986, 2210, 0, 1, 0, 0, 0.00%, 0, 0, 1, 490.54
1628203991, 2220, 0, 1, 0, 0, 0.00%, 0, 0, 1, 512.86
1628203996, 2230, 0, 1, 0, 0, 0.00%, 0, 0, 1, 487.89
1628204001, 2240, 0, 1, 0, 0, 0.00%, 0, 0, 1, 497.28
1628204006, 2251, 0, 1, 0, 0, 0.00%, 0, 0, 1, 511.66
1628204011, 2261, 0, 1, 0, 0, 0.00%, 0, 0, 1, 498.20
1628204016, 2269, 0, 1, 0, 0, 0.00%, 0, 0, 1, 442.99
1628204021, 2279, 0, 1, 0, 0, 0.00%, 0, 0, 1, 497.04
1628204026, 2288, 0, 1, 0, 0, 0.00%, 0, 0, 1, 459.27
1628204032, 2299, 0, 1, 0, 0, 0.00%, 0, 0, 1, 498.58
1628204037, 2309, 0, 1, 0, 0, 0.00%, 0, 0, 1, 506.49
1628204042, 2320, 0, 1, 0, 0, 0.00%, 0, 0, 1, 534.98
1628204047, 2329, 0, 1, 0, 0, 0.00%, 0, 0, 1, 483.03
1628204052, 2338, 0, 1, 0, 0, 0.00%, 0, 0, 1, 481.79
1628204057, 2348, 0, 1, 0, 0, 0.00%, 0, 0, 1, 500.86
1628204062, 2359, 0, 1, 0, 0, 0.00%, 0, 0, 1, 537.44
1628204067, 2370, 0, 1, 0, 0, 0.00%, 0, 0, 1, 529.74
1628204072, 2380, 0, 1, 0, 0, 0.00%, 0, 0, 1, 504.80
1628204078, 2389, 0, 1, 0, 0, 0.00%, 0, 0, 1, 478.87
1628204083, 2399, 0, 1, 0, 0, 0.00%, 0, 0, 1, 477.17
1628204088, 2409, 0, 1, 0, 0, 0.00%, 0, 0, 1, 497.13
1628204093, 2419, 0, 1, 0, 0, 0.00%, 0, 0, 1, 497.87
1628204098, 2429, 0, 1, 0, 0, 0.00%, 0, 0, 1, 496.89
1628204103, 2439, 0, 1, 0, 0, 0.00%, 0, 0, 1, 515.92
1628204108, 2449, 0, 1, 0, 0, 0.00%, 0, 0, 1, 521.69
1628204113, 2460, 0, 1, 0, 0, 0.00%, 0, 0, 1, 525.21
1628204118, 2470, 0, 1, 0, 0, 0.00%, 0, 0, 1, 532.95
1628204124, 2480, 0, 1, 0, 0, 0.00%, 0, 0, 1, 504.19
1628204129, 2490, 0, 1, 0, 0, 0.00%, 0, 0, 1, 523.93
1628204134, 2501, 0, 1, 0, 0, 0.00%, 0, 0, 1, 546.49
1628204139, 2511, 0, 1, 0, 0, 0.00%, 0, 0, 1, 521.57
1628204144, 2521, 0, 1, 0, 0, 0.00%, 0, 0, 1, 517.09
1628204149, 2531, 0, 1, 0, 0, 0.00%, 0, 0, 1, 502.02
1628204154, 2541, 0, 1, 0, 0, 0.00%, 0, 0, 1, 488.50
1628204159, 2551, 0, 1, 0, 0, 0.00%, 0, 0, 1, 506.85
1628204164, 2561, 0, 1, 0, 0, 0.00%, 0, 0, 1, 511.99
1628204169, 2571, 0, 1, 0, 0, 0.00%, 0, 0, 1, 489.64
1628204174, 2581, 0, 1, 0, 0, 0.00%, 0, 0, 1, 513.61
1628204179, 2590, 0, 1, 0, 0, 0.00%, 0, 0, 1, 483.83
1628204184, 2601, 0, 1, 0, 0, 0.00%, 0, 0, 1, 540.66
1628204189, 2612, 0, 1, 0, 0, 0.00%, 0, 0, 1, 556.09
1628204195, 2622, 0, 1, 0, 0, 0.00%, 0, 0, 1, 507.25
1628204200, 2632, 0, 1, 0, 0, 0.00%, 0, 0, 1, 499.95
1628204205, 2644, 0, 1, 0, 0, 0.00%, 0, 0, 1, 562.25
1628204210, 2654, 0, 1, 0, 0, 0.00%, 0, 0, 1, 514.02
1628204215, 2664, 0, 1, 0, 0, 0.00%, 0, 0, 1, 509.61
