# unix_time, cycles_done, cur_path, paths_total, pending_total, pending_favs, map_size, unique_crashes, unique_hangs, max_depth, execs_per_sec
1628904684, 0, 0, 1, 1, 1, 0.07%, 0, 0, 1, 41.24
1628904689, 0, 0, 7, 7, 1, 0.09%, 0, 0, 2, 419.09
1628904709, 0, 0, 8, 8, 1, 0.09%, 0, 0, 2, 456.24
1628904720, 0, 1, 8, 7, 5, 0.09%, 0, 0, 2, 486.86
1628904755, 0, 3, 9, 7, 4, 0.10%, 0, 0, 3, 468.54
1628904791, 0, 5, 10, 7, 4, 0.10%, 0, 0, 3, 464.39
1628904796, 0, 5, 11, 8, 4, 0.11%, 0, 0, 3, 457.23
1628904817, 0, 5, 12, 9, 4, 0.12%, 0, 0, 3, 432.52
1628904827, 0, 6, 12, 8, 5, 0.12%, 0, 0, 3, 465.44
1628904862, 0, 7, 12, 7, 4, 0.12%, 0, 0, 3, 467.66
1628904897, 0, 9, 13, 7, 3, 0.12%, 0, 0, 4, 445.40
1628904928, 0, 10, 13, 6, 3, 0.12%, 0, 0, 4, 479.06
1628904963, 0, 11, 13, 5, 2, 0.12%, 0, 0, 4, 470.15
1628904994, 0, 12, 13, 4, 1, 0.12%, 0, 0, 4, 496.08
1628905030, 1, 4, 13, 3, 0, 0.12%, 0, 0, 4, 493.89
1628905060, 1, 6, 13, 2, 0, 0.12%, 0, 0, 4, 491.25
1628905065, 2, 11, 13, 2, 0, 0.12%, 0, 0, 4, 526.59
1628905070, 3, 2, 13, 2, 0, 0.12%, 0, 0, 4, 505.41
1628905101, 3, 12, 13, 1, 0, 0.12%, 0, 0, 4, 518.36
1628905106, 4, 8, 13, 1, 0, 0.12%, 0, 0, 4, 491.20
1628905137, 5, 3, 13, 0, 0, 0.12%, 0, 0, 4, 504.03
1628905142, 5, 12, 13, 0, 0, 0.12%, 0, 0, 4, 558.74
1628905147, 6, 12, 13, 0, 0, 0.12%, 0, 0, 4, 552.28
1628905152, 7, 7, 13, 0, 0, 0.12%, 0, 0, 4, 432.87
1628905157, 8, 6, 13, 0, 0, 0.12%, 0, 0, 4, 536.06
1628905162, 9, 5, 13, 0, 0, 0.12%, 0, 0, 4, 551.45
1628905167, 10, 1, 13, 0, 0, 0.12%, 0, 0, 4, 555.39
1628905172, 10, 12, 13, 0, 0, 0.12%, 0, 0, 4, 559.23
1628905177, 11, 11, 13, 0, 0, 0.12%, 0, 0, 4, 552.02
1628905183, 12, 11, 13, 0, 0, 0.12%, 0, 0, 4, 555.36
1628905188, 13, 10, 13, 0, 0, 0.12%, 0, 0, 4, 560.72
1628905193, 14, 10, 13, 0, 0, 0.12%, 0, 0, 4, 567.84
1628905198, 15, 9, 13, 0, 0, 0.12%, 0, 0, 4, 559.33
1628905203, 16, 8, 13, 0, 0, 0.12%, 0, 0, 4, 549.45
1628905208, 17, 7, 13, 0, 0, 0.12%, 0, 0, 4, 554.39
1628905213, 18, 5, 13, 0, 0, 0.12%, 0, 0, 4, 554.35
1628905219, 19, 4, 13, 0, 0, 0.12%, 0, 0, 4, 561.35
1628905224, 19, 12, 13, 0, 0, 0.12%, 0, 0, 4, 542.71
1628905229, 20, 11, 13, 0, 0, 0.12%, 0, 0, 4, 521.40
1628905234, 21, 9, 13, 0, 0, 0.12%, 0, 0, 4, 517.23
1628905239, 22, 8, 13, 0, 0, 0.12%, 0, 0, 4, 533.51
1628905244, 23, 6, 13, 0, 0, 0.12%, 0, 0, 4, 553.19
1628905249, 24, 1, 13, 0, 0, 0.12%, 0, 0, 4, 536.91
1628905254, 24, 12, 13, 0, 0, 0.12%, 0, 0, 4, 527.05
1628905259, 25, 12, 13, 0, 0, 0.12%, 0, 0, 4, 536.76
1628905264, 26, 11, 13, 0, 0, 0.12%, 0, 0, 4, 536.28
1628905269, 27, 10, 13, 0, 0, 0.12%, 0, 0, 4, 558.39
1628905275, 27, 13, 14, 1, 1, 0.12%, 0, 0, 5, 511.50
1628905336, 28, 10, 14, 0, 0, 0.12%, 0, 0, 5, 432.13
1628905341, 28, 13, 14, 0, 0, 0.12%, 0, 0, 5, 427.74
1628905346, 29, 1, 14, 0, 0, 0.12%, 0, 0, 5, 444.88
1628905351, 29, 11, 14, 0, 0, 0.12%, 0, 0, 5, 413.45
1628905356, 29, 13, 14, 0, 0, 0.12%, 0, 0, 5, 451.22
1628905361, 30, 6, 14, 0, 0, 0.12%, 0, 0, 5, 451.28
1628905366, 30, 12, 14, 0, 0, 0.12%, 0, 0, 5, 425.36
1628905371, 30, 13, 14, 0, 0, 0.12%, 0, 0, 5, 430.02
1628905377, 31, 7, 14, 0, 0, 0.12%, 0, 0, 5, 427.35
1628905382, 31, 12, 14, 0, 0, 0.12%, 0, 0, 5, 418.42
1628905387, 31, 13, 14, 0, 0, 0.12%, 0, 0, 5, 396.94
1628905392, 32, 6, 14, 0, 0, 0.12%, 0, 0, 5, 119.31
1628905397, 32, 12, 14, 0, 0, 0.12%, 0, 0, 5, 366.74
1628905402, 32, 13, 14, 0, 0, 0.12%, 0, 0, 5, 382.04
1628905407, 33, 5, 14, 0, 0, 0.12%, 0, 0, 5, 422.09
1628905412, 33, 11, 14, 0, 0, 0.12%, 0, 0, 5, 398.78
1628905417, 33, 13, 14, 0, 0, 0.12%, 0, 0, 5, 415.34
1628905423, 34, 10, 14, 0, 0, 0.12%, 0, 0, 5, 497.88
1628905428, 34, 13, 14, 0, 0, 0.12%, 0, 0, 5, 439.60
1628905433, 35, 9, 14, 0, 0, 0.12%, 0, 0, 5, 444.23
1628905438, 35, 13, 14, 0, 0, 0.12%, 0, 0, 5, 409.62
1628905443, 36, 8, 14, 0, 0, 0.12%, 0, 0, 5, 462.82
1628905448, 36, 13, 14, 0, 0, 0.12%, 0, 0, 5, 466.84
1628905453, 37, 7, 14, 0, 0, 0.12%, 0, 0, 5, 447.88
1628905458, 37, 12, 14, 0, 0, 0.12%, 0, 0, 5, 416.40
1628905463, 38, 7, 14, 0, 0, 0.12%, 0, 0, 5, 402.98
1628905468, 38, 12, 14, 0, 0, 0.12%, 0, 0, 5, 331.06
1628905473, 39, 5, 14, 0, 0, 0.12%, 0, 0, 5, 372.42
1628905478, 39, 11, 14, 0, 0, 0.12%, 0, 0, 5, 374.94
1628905484, 40, 5, 14, 0, 0, 0.12%, 0, 0, 5, 401.42
1628905489, 40, 11, 14, 0, 0, 0.12%, 0, 0, 5, 375.02
1628905494, 41, 5, 14, 0, 0, 0.12%, 0, 0, 5, 509.16
1628905499, 41, 11, 14, 0, 0, 0.12%, 0, 0, 5, 418.16
1628905504, 42, 6, 14, 0, 0, 0.12%, 0, 0, 5, 431.57
1628905509, 42, 12, 14, 0, 0, 0.12%, 0, 0, 5, 452.70
1628905514, 43, 7, 14, 0, 0, 0.12%, 0, 0, 5, 397.30
1628905519, 43, 13, 14, 0, 0, 0.12%, 0, 0, 5, 436.75
1628905524, 44, 9, 14, 0, 0, 0.12%, 0, 0, 5, 431.17
1628905530, 44, 13, 14, 0, 0, 0.12%, 0, 0, 5, 425.05
1628905535, 45, 10, 14, 0, 0, 0.12%, 0, 0, 5, 439.54
1628905540, 46, 1, 14, 0, 0, 0.12%, 0, 0, 5, 429.01
1628905545, 46, 11, 14, 0, 0, 0.12%, 0, 0, 5, 435.34
1628905550, 47, 5, 14, 0, 0, 0.12%, 0, 0, 5, 428.97
1628905555, 47, 11, 14, 0, 0, 0.12%, 0, 0, 5, 441.96
1628905560, 48, 5, 14, 0, 0, 0.12%, 0, 0, 5, 417.98
1628905565, 48, 12, 14, 0, 0, 0.12%, 0, 0, 5, 436.60
1628905571, 49, 7, 14, 0, 0, 0.12%, 0, 0, 5, 464.84
1628905576, 49, 13, 14, 0, 0, 0.12%, 0, 0, 5, 415.30
1628905581, 50, 8, 14, 0, 0, 0.12%, 0, 0, 5, 437.05
1628905586, 50, 13, 14, 0, 0, 0.12%, 0, 0, 5, 420.41
1628905591, 51, 10, 14, 0, 0, 0.12%, 0, 0, 5, 433.52
1628905596, 52, 1, 14, 0, 0, 0.12%, 0, 0, 5, 418.12
1628905601, 52, 11, 14, 0, 0, 0.12%, 0, 0, 5, 423.49
1628905606, 53, 1, 14, 0, 0, 0.12%, 0, 0, 5, 426.09
1628905612, 53, 10, 14, 0, 0, 0.12%, 0, 0, 5, 357.02
1628905617, 54, 1, 14, 0, 0, 0.12%, 0, 0, 5, 415.02
1628905622, 54, 11, 14, 0, 0, 0.12%, 0, 0, 5, 508.85
1628905627, 55, 5, 14, 0, 0, 0.12%, 0, 0, 5, 444.92
1628905632, 55, 12, 14, 0, 0, 0.12%, 0, 0, 5, 452.62
1628905637, 56, 7, 14, 0, 0, 0.12%, 0, 0, 5, 423.05
1628905642, 56, 12, 14, 0, 0, 0.12%, 0, 0, 5, 431.03
1628905648, 57, 8, 14, 0, 0, 0.12%, 0, 0, 5, 497.09
1628905653, 57, 12, 14, 0, 0, 0.12%, 0, 0, 5, 459.03
1628905658, 58, 8, 14, 0, 0, 0.12%, 0, 0, 5, 443.82
1628905663, 58, 13, 14, 0, 0, 0.12%, 0, 0, 5, 440.35
1628905668, 59, 10, 14, 0, 0, 0.12%, 0, 0, 5, 455.31
1628905673, 60, 1, 14, 0, 0, 0.12%, 0, 0, 5, 415.79
1628905678, 60, 10, 14, 0, 0, 0.12%, 0, 0, 5, 421.18
1628905683, 61, 2, 14, 0, 0, 0.12%, 0, 0, 5, 432.56
1628905688, 61, 10, 14, 0, 0, 0.12%, 0, 0, 5, 419.28
1628905693, 62, 5, 14, 0, 0, 0.12%, 0, 0, 5, 448.38
1628905698, 62, 11, 14, 0, 0, 0.12%, 0, 0, 5, 425.87
1628905704, 63, 5, 14, 0, 0, 0.12%, 0, 0, 5, 432.85
1628905709, 63, 11, 14, 0, 0, 0.12%, 0, 0, 5, 427.79
1628905714, 64, 6, 14, 0, 0, 0.12%, 0, 0, 5, 440.93
1628905719, 64, 12, 14, 0, 0, 0.12%, 0, 0, 5, 419.82
1628905724, 65, 7, 14, 0, 0, 0.12%, 0, 0, 5, 404.04
1628905729, 65, 13, 14, 0, 0, 0.12%, 0, 0, 5, 400.79
1628905735, 66, 8, 14, 0, 0, 0.12%, 0, 0, 5, 488.52
1628905740, 66, 13, 14, 0, 0, 0.12%, 0, 0, 5, 436.06
1628905745, 67, 9, 14, 0, 0, 0.12%, 0, 0, 5, 426.10
1628905750, 67, 13, 14, 0, 0, 0.12%, 0, 0, 5, 412.80
1628905755, 68, 10, 14, 0, 0, 0.12%, 0, 0, 5, 377.16
1628905760, 68, 13, 14, 0, 0, 0.12%, 0, 0, 5, 426.73
1628905765, 69, 9, 14, 0, 0, 0.12%, 0, 0, 5, 424.36
1628905770, 70, 1, 14, 0, 0, 0.12%, 0, 0, 5, 466.52
1628905776, 70, 11, 14, 0, 0, 0.12%, 0, 0, 5, 405.33
1628905781, 71, 5, 14, 0, 0, 0.12%, 0, 0, 5, 421.58
1628905786, 71, 12, 14, 0, 0, 0.12%, 0, 0, 5, 424.75
1628905791, 72, 7, 14, 0, 0, 0.12%, 0, 0, 5, 431.77
1628905796, 72, 13, 14, 0, 0, 0.12%, 0, 0, 5, 464.96
1628905801, 73, 8, 14, 0, 0, 0.12%, 0, 0, 5, 415.60
1628905806, 73, 13, 14, 0, 0, 0.12%, 0, 0, 5, 414.85
1628905811, 74, 9, 14, 0, 0, 0.12%, 0, 0, 5, 411.61
1628905817, 75, 1, 14, 0, 0, 0.12%, 0, 0, 5, 428.64
1628905822, 75, 10, 14, 0, 0, 0.12%, 0, 0, 5, 514.63
1628905827, 76, 5, 14, 0, 0, 0.12%, 0, 0, 5, 432.49
1628905832, 76, 11, 14, 0, 0, 0.12%, 0, 0, 5, 48.23
1628905837, 77, 6, 14, 0, 0, 0.12%, 0, 0, 5, 481.33
1628905842, 77, 12, 14, 0, 0, 0.12%, 0, 0, 5, 460.87
1628905847, 78, 8, 14, 0, 0, 0.12%, 0, 0, 5, 460.10
1628905852, 78, 13, 14, 0, 0, 0.12%, 0, 0, 5, 423.46
1628905857, 79, 9, 14, 0, 0, 0.12%, 0, 0, 5, 431.03
1628905863, 80, 1, 14, 0, 0, 0.12%, 0, 0, 5, 445.64
1628905868, 80, 11, 14, 0, 0, 0.12%, 0, 0, 5, 420.15
1628905873, 81, 2, 14, 0, 0, 0.12%, 0, 0, 5, 438.44
1628905878, 81, 12, 14, 0, 0, 0.12%, 0, 0, 5, 423.32
1628905883, 82, 6, 14, 0, 0, 0.12%, 0, 0, 5, 427.95
