# unix_time, cycles_done, cur_path, paths_total, pending_total, pending_favs, map_size, unique_crashes, unique_hangs, max_depth, execs_per_sec
1628899241, 0, 0, 1, 1, 1, 0.02%, 0, 0, 1, 67.23
1628899246, 0, 0, 7, 7, 1, 0.04%, 0, 0, 2, 447.47
1628899251, 0, 1, 10, 9, 7, 0.05%, 0, 0, 3, 575.04
1628899262, 0, 2, 10, 8, 7, 0.05%, 0, 0, 3, 592.72
1628899267, 0, 3, 10, 7, 6, 0.05%, 0, 0, 3, 598.35
1628899272, 0, 5, 10, 6, 5, 0.05%, 0, 0, 3, 609.11
1628899282, 0, 6, 11, 6, 4, 0.06%, 0, 0, 3, 549.45
1628899292, 0, 7, 11, 5, 4, 0.06%, 0, 0, 3, 579.88
1628899297, 0, 8, 14, 7, 3, 0.06%, 0, 0, 3, 578.60
1628899307, 0, 9, 14, 6, 5, 0.06%, 0, 0, 3, 568.37
1628899312, 0, 10, 15, 6, 4, 0.07%, 0, 0, 4, 547.57
1628899322, 0, 11, 16, 6, 4, 0.07%, 0, 0, 4, 584.33
1628899327, 0, 11, 18, 8, 4, 0.09%, 0, 0, 4, 595.50
1628899332, 0, 12, 18, 7, 6, 0.09%, 0, 0, 4, 583.00
1628899338, 0, 13, 18, 6, 5, 0.09%, 0, 0, 4, 562.70
1628899348, 0, 14, 19, 6, 3, 0.09%, 0, 0, 4, 589.46
1628899358, 0, 15, 21, 7, 2, 0.10%, 0, 0, 5, 552.62
1628899368, 0, 18, 23, 8, 3, 0.11%, 0, 0, 5, 516.20
1628899378, 0, 18, 24, 9, 3, 0.12%, 0, 0, 5, 517.53
1628899388, 0, 19, 24, 8, 6, 0.12%, 0, 0, 5, 565.67
1628899393, 0, 20, 24, 7, 5, 0.12%, 0, 0, 5, 569.00
1628899403, 0, 21, 24, 6, 4, 0.12%, 0, 0, 5, 572.53
1628899424, 0, 22, 24, 5, 3, 0.12%, 0, 0, 5, 529.69
1628899439, 0, 23, 24, 4, 2, 0.12%, 0, 0, 5, 583.40
1628899459, 1, 16, 24, 3, 1, 0.12%, 0, 0, 5, 554.54
1628899474, 2, 2, 24, 2, 0, 0.12%, 0, 0, 5, 614.12
1628899479, 2, 15, 24, 2, 0, 0.12%, 0, 0, 5, 593.64
1628899485, 2, 17, 24, 2, 0, 0.12%, 0, 0, 5, 502.88
1628899505, 2, 21, 24, 1, 0, 0.12%, 0, 0, 5, 594.09
1628899510, 3, 4, 24, 1, 0, 0.12%, 0, 0, 5, 588.79
1628899520, 3, 14, 24, 0, 0, 0.12%, 0, 0, 5, 581.19
1628899525, 3, 18, 24, 0, 0, 0.12%, 0, 0, 5, 584.26
1628899530, 3, 22, 24, 0, 0, 0.12%, 0, 0, 5, 568.27
1628899535, 4, 6, 24, 0, 0, 0.12%, 0, 0, 5, 555.97
1628899540, 4, 16, 24, 0, 0, 0.12%, 0, 0, 5, 565.60
1628899546, 4, 22, 24, 0, 0, 0.12%, 0, 0, 5, 584.59
1628899551, 5, 7, 24, 0, 0, 0.12%, 0, 0, 5, 602.96
1628899556, 5, 19, 24, 0, 0, 0.12%, 0, 0, 5, 610.90
1628899561, 5, 22, 24, 0, 0, 0.12%, 0, 0, 5, 604.95
1628899566, 6, 14, 24, 0, 0, 0.12%, 0, 0, 5, 588.78
1628899571, 6, 20, 24, 0, 0, 0.12%, 0, 0, 5, 621.78
1628899576, 6, 23, 25, 1, 0, 0.12%, 0, 0, 6, 622.90
1628899581, 6, 24, 26, 2, 1, 0.12%, 0, 0, 7, 534.44
1628899637, 6, 25, 26, 1, 1, 0.12%, 0, 0, 7, 556.88
1628899693, 7, 3, 26, 0, 0, 0.12%, 0, 0, 7, 585.94
1628899698, 7, 16, 26, 0, 0, 0.12%, 0, 0, 7, 604.45
1628899703, 7, 23, 26, 0, 0, 0.12%, 0, 0, 7, 615.03
1628899708, 7, 25, 26, 0, 0, 0.12%, 0, 0, 7, 611.47
1628899713, 8, 16, 26, 0, 0, 0.12%, 0, 0, 7, 616.89
1628899719, 8, 22, 26, 0, 0, 0.12%, 0, 0, 7, 616.52
1628899724, 8, 25, 26, 0, 0, 0.12%, 0, 0, 7, 603.75
1628899729, 9, 14, 26, 0, 0, 0.12%, 0, 0, 7, 605.22
1628899734, 9, 18, 26, 0, 0, 0.12%, 0, 0, 7, 605.13
1628899739, 9, 22, 26, 0, 0, 0.12%, 0, 0, 7, 612.35
1628899744, 10, 3, 26, 0, 0, 0.12%, 0, 0, 7, 619.18
1628899749, 10, 16, 26, 0, 0, 0.12%, 0, 0, 7, 605.96
1628899754, 10, 22, 26, 0, 0, 0.12%, 0, 0, 7, 613.82
1628899759, 11, 5, 26, 0, 0, 0.12%, 0, 0, 7, 613.18
1628899764, 11, 19, 26, 0, 0, 0.12%, 0, 0, 7, 620.94
1628899769, 11, 23, 26, 0, 0, 0.12%, 0, 0, 7, 607.12
1628899775, 12, 9, 26, 0, 0, 0.12%, 0, 0, 7, 602.25
1628899780, 12, 18, 26, 0, 0, 0.12%, 0, 0, 7, 599.17
1628899785, 12, 22, 26, 0, 0, 0.12%, 0, 0, 7, 577.46
1628899790, 13, 2, 26, 0, 0, 0.12%, 0, 0, 7, 563.34
1628899795, 13, 16, 26, 0, 0, 0.12%, 0, 0, 7, 567.72
1628899800, 13, 20, 26, 0, 0, 0.12%, 0, 0, 7, 574.08
1628899805, 13, 23, 26, 0, 0, 0.12%, 0, 0, 7, 519.38
1628899810, 14, 14, 26, 0, 0, 0.12%, 0, 0, 7, 559.94
1628899815, 14, 20, 26, 0, 0, 0.12%, 0, 0, 7, 562.09
1628899820, 14, 23, 26, 0, 0, 0.12%, 0, 0, 7, 580.07
1628899826, 15, 7, 26, 0, 0, 0.12%, 0, 0, 7, 563.77
1628899831, 15, 19, 26, 0, 0, 0.12%, 0, 0, 7, 583.32
1628899836, 15, 23, 26, 0, 0, 0.12%, 0, 0, 7, 588.27
1628899841, 16, 6, 26, 0, 0, 0.12%, 0, 0, 7, 592.47
1628899846, 16, 16, 26, 0, 0, 0.12%, 0, 0, 7, 493.72
1628899851, 16, 21, 26, 0, 0, 0.12%, 0, 0, 7, 443.42
1628899856, 16, 23, 26, 0, 0, 0.12%, 0, 0, 7, 445.97
1628899861, 17, 5, 26, 0, 0, 0.12%, 0, 0, 7, 435.80
1628899866, 17, 16, 26, 0, 0, 0.12%, 0, 0, 7, 435.09
1628899871, 17, 19, 26, 0, 0, 0.12%, 0, 0, 7, 427.40
1628899876, 17, 22, 26, 0, 0, 0.12%, 0, 0, 7, 430.85
1628899882, 17, 25, 26, 0, 0, 0.12%, 0, 0, 7, 436.70
1628899887, 18, 14, 26, 0, 0, 0.12%, 0, 0, 7, 406.88
1628899892, 18, 19, 26, 0, 0, 0.12%, 0, 0, 7, 418.72
1628899897, 18, 22, 26, 0, 0, 0.12%, 0, 0, 7, 455.55
1628899902, 18, 24, 26, 0, 0, 0.12%, 0, 0, 7, 436.91
1628899912, 19, 6, 26, 0, 0, 0.12%, 0, 0, 7, 468.82
1628899917, 19, 16, 26, 0, 0, 0.12%, 0, 0, 7, 459.11
1628899922, 19, 21, 26, 0, 0, 0.12%, 0, 0, 7, 434.11
1628899928, 19, 23, 26, 0, 0, 0.12%, 0, 0, 7, 438.36
1628899933, 20, 6, 26, 0, 0, 0.12%, 0, 0, 7, 467.46
1628899938, 20, 15, 26, 0, 0, 0.12%, 0, 0, 7, 422.02
1628899943, 20, 20, 26, 0, 0, 0.12%, 0, 0, 7, 455.27
1628899948, 20, 22, 26, 0, 0, 0.12%, 0, 0, 7, 411.78
1628899953, 20, 25, 26, 0, 0, 0.12%, 0, 0, 7, 439.16
1628899958, 21, 14, 26, 0, 0, 0.12%, 0, 0, 7, 560.98
1628899963, 21, 19, 26, 0, 0, 0.12%, 0, 0, 7, 509.84
1628899968, 21, 22, 26, 0, 0, 0.12%, 0, 0, 7, 462.63
1628899973, 21, 25, 26, 0, 0, 0.12%, 0, 0, 7, 453.78
1628899978, 22, 14, 26, 0, 0, 0.12%, 0, 0, 7, 419.11
1628899984, 22, 19, 26, 0, 0, 0.12%, 0, 0, 7, 403.32
1628899989, 22, 22, 26, 0, 0, 0.12%, 0, 0, 7, 431.65
1628899994, 22, 24, 26, 0, 0, 0.12%, 0, 0, 7, 458.78
1628899999, 22, 25, 26, 0, 0, 0.12%, 0, 0, 7, 451.92
1628900004, 23, 6, 26, 0, 0, 0.12%, 0, 0, 7, 453.51
1628900009, 23, 16, 26, 0, 0, 0.12%, 0, 0, 7, 444.53
1628900014, 23, 21, 26, 0, 0, 0.12%, 0, 0, 7, 449.72
1628900019, 23, 23, 26, 0, 0, 0.12%, 0, 0, 7, 432.39
1628900025, 24, 6, 26, 0, 0, 0.12%, 0, 0, 7, 438.17
1628900030, 24, 16, 26, 0, 0, 0.12%, 0, 0, 7, 427.88
1628900035, 24, 21, 26, 0, 0, 0.12%, 0, 0, 7, 440.10
1628900040, 24, 25, 26, 0, 0, 0.12%, 0, 0, 7, 443.27
1628900045, 25, 5, 26, 0, 0, 0.12%, 0, 0, 7, 407.88
1628900050, 25, 15, 26, 0, 0, 0.12%, 0, 0, 7, 467.75
1628900055, 25, 20, 26, 0, 0, 0.12%, 0, 0, 7, 432.76
1628900060, 25, 22, 26, 0, 0, 0.12%, 0, 0, 7, 468.33
1628900065, 25, 25, 26, 0, 0, 0.12%, 0, 0, 7, 456.18
1628900071, 26, 15, 26, 0, 0, 0.12%, 0, 0, 7, 475.27
1628900076, 26, 20, 26, 0, 0, 0.12%, 0, 0, 7, 471.01
1628900081, 26, 23, 26, 0, 0, 0.12%, 0, 0, 7, 465.44
1628900086, 27, 5, 26, 0, 0, 0.12%, 0, 0, 7, 465.40
1628900091, 27, 15, 26, 0, 0, 0.12%, 0, 0, 7, 441.39
1628900096, 27, 21, 26, 0, 0, 0.12%, 0, 0, 7, 451.69
1628900101, 27, 23, 26, 0, 0, 0.12%, 0, 0, 7, 443.06
1628900106, 28, 2, 26, 0, 0, 0.12%, 0, 0, 7, 371.89
1628900111, 28, 10, 26, 0, 0, 0.12%, 0, 0, 7, 399.09
1628900116, 28, 16, 26, 0, 0, 0.12%, 0, 0, 7, 448.20
1628900122, 28, 22, 26, 0, 0, 0.12%, 0, 0, 7, 421.06
1628900127, 28, 25, 26, 0, 0, 0.12%, 0, 0, 7, 421.32
1628900132, 29, 6, 26, 0, 0, 0.12%, 0, 0, 7, 440.99
1628900137, 29, 16, 26, 0, 0, 0.12%, 0, 0, 7, 437.96
1628900142, 29, 19, 26, 0, 0, 0.12%, 0, 0, 7, 425.17
1628900147, 29, 22, 26, 0, 0, 0.12%, 0, 0, 7, 407.57
1628900152, 29, 25, 26, 0, 0, 0.12%, 0, 0, 7, 427.61
1628900157, 30, 14, 26, 0, 0, 0.12%, 0, 0, 7, 442.69
1628900162, 30, 19, 26, 0, 0, 0.12%, 0, 0, 7, 444.91
1628900167, 30, 22, 26, 0, 0, 0.12%, 0, 0, 7, 463.58
1628900172, 30, 24, 26, 0, 0, 0.12%, 0, 0, 7, 468.21
1628900178, 31, 3, 26, 0, 0, 0.12%, 0, 0, 7, 426.23
1628900183, 31, 15, 26, 0, 0, 0.12%, 0, 0, 7, 484.60
1628900188, 31, 20, 26, 0, 0, 0.12%, 0, 0, 7, 458.29
1628900193, 31, 23, 26, 0, 0, 0.12%, 0, 0, 7, 429.98
1628900198, 32, 2, 26, 0, 0, 0.12%, 0, 0, 7, 419.50
1628900203, 32, 15, 26, 0, 0, 0.12%, 0, 0, 7, 431.77
1628900208, 32, 17, 26, 0, 0, 0.12%, 0, 0, 7, 529.13
1628900213, 32, 21, 26, 0, 0, 0.12%, 0, 0, 7, 440.95
1628900219, 32, 23, 26, 0, 0, 0.12%, 0, 0, 7, 435.37
1628900224, 33, 6, 26, 0, 0, 0.12%, 0, 0, 7, 462.37
1628900229, 33, 16, 26, 0, 0, 0.12%, 0, 0, 7, 438.35
1628900234, 33, 20, 26, 0, 0, 0.12%, 0, 0, 7, 400.51
1628900239, 33, 23, 26, 0, 0, 0.12%, 0, 0, 7, 424.13
1628900244, 34, 3, 26, 0, 0, 0.12%, 0, 0, 7, 436.57
1628900249, 34, 15, 26, 0, 0, 0.12%, 0, 0, 7, 429.00
1628900254, 34, 20, 26, 0, 0, 0.12%, 0, 0, 7, 412.77
1628900260, 34, 22, 26, 0, 0, 0.12%, 0, 0, 7, 425.82
1628900265, 34, 25, 26, 0, 0, 0.12%, 0, 0, 7, 410.86
1628900270, 35, 14, 26, 0, 0, 0.12%, 0, 0, 7, 455.40
1628900275, 35, 20, 26, 0, 0, 0.12%, 0, 0, 7, 461.25
1628900280, 35, 22, 26, 0, 0, 0.12%, 0, 0, 7, 448.31
1628900285, 35, 25, 26, 0, 0, 0.12%, 0, 0, 7, 455.67
1628900290, 36, 14, 26, 0, 0, 0.12%, 0, 0, 7, 377.86
1628900295, 36, 20, 26, 0, 0, 0.12%, 0, 0, 7, 447.33
1628900301, 36, 22, 26, 0, 0, 0.12%, 0, 0, 7, 433.82
1628900306, 36, 25, 26, 0, 0, 0.12%, 0, 0, 7, 452.56
1628900311, 37, 14, 26, 0, 0, 0.12%, 0, 0, 7, 427.11
1628900316, 37, 20, 26, 0, 0, 0.12%, 0, 0, 7, 445.18
1628900321, 37, 22, 26, 0, 0, 0.12%, 0, 0, 7, 443.52
1628900326, 37, 25, 26, 0, 0, 0.12%, 0, 0, 7, 252.83
1628900331, 38, 14, 26, 0, 0, 0.12%, 0, 0, 7, 421.02
1628900336, 38, 19, 26, 0, 0, 0.12%, 0, 0, 7, 433.78
1628900341, 38, 22, 26, 0, 0, 0.12%, 0, 0, 7, 426.48
1628900346, 38, 25, 26, 0, 0, 0.12%, 0, 0, 7, 398.90
1628900351, 39, 14, 26, 0, 0, 0.12%, 0, 0, 7, 448.86
1628900357, 39, 19, 26, 0, 0, 0.12%, 0, 0, 7, 434.38
1628900362, 39, 22, 26, 0, 0, 0.12%, 0, 0, 7, 437.04
1628900367, 39, 25, 26, 0, 0, 0.12%, 0, 0, 7, 72.73
1628900372, 40, 9, 26, 0, 0, 0.12%, 0, 0, 7, 398.07
1628900377, 40, 16, 26, 0, 0, 0.12%, 0, 0, 7, 401.39
1628900382, 40, 21, 26, 0, 0, 0.12%, 0, 0, 7, 419.29
1628900388, 40, 23, 26, 0, 0, 0.12%, 0, 0, 7, 444.80
1628900393, 41, 5, 26, 0, 0, 0.12%, 0, 0, 7, 440.40
1628900398, 41, 16, 26, 0, 0, 0.12%, 0, 0, 7, 450.95
1628900403, 41, 20, 26, 0, 0, 0.12%, 0, 0, 7, 457.79
1628900408, 41, 22, 26, 0, 0, 0.12%, 0, 0, 7, 386.54
1628900413, 41, 25, 26, 0, 0, 0.12%, 0, 0, 7, 429.64
1628900418, 42, 14, 26, 0, 0, 0.12%, 0, 0, 7, 449.88
1628900423, 42, 19, 26, 0, 0, 0.12%, 0, 0, 7, 439.47
1628900428, 42, 22, 26, 0, 0, 0.12%, 0, 0, 7, 446.22
1628900434, 42, 25, 26, 0, 0, 0.12%, 0, 0, 7, 473.48
1628900439, 43, 14, 26, 0, 0, 0.12%, 0, 0, 7, 246.17
