# unix_time, cycles_done, cur_path, paths_total, pending_total, pending_favs, map_size, unique_crashes, unique_hangs, max_depth, execs_per_sec
1628156170, 0, 0, 1, 1, 1, 0.00%, 0, 0, 1, 61.07
1628156175, 1, 1, 12, 11, 1, 0.04%, 0, 0, 3, 680.77
1628156185, 1, 1, 15, 14, 1, 0.04%, 0, 0, 3, 803.63
1628156190, 1, 1, 19, 18, 1, 0.04%, 0, 0, 3, 825.56
1628156196, 1, 1, 22, 21, 1, 0.04%, 0, 0, 3, 835.97
1628156201, 1, 3, 33, 31, 9, 0.04%, 0, 0, 3, 752.37
1628156216, 1, 4, 33, 30, 8, 0.04%, 0, 0, 3, 649.62
1628156236, 1, 5, 33, 29, 7, 0.04%, 0, 0, 3, 676.18
1628156251, 1, 7, 33, 28, 6, 0.04%, 0, 0, 3, 645.36
1628156267, 1, 7, 34, 29, 6, 0.04%, 0, 0, 4, 648.95
1628156272, 1, 9, 34, 28, 5, 0.04%, 0, 0, 4, 655.17
1628156287, 1, 10, 34, 27, 4, 0.04%, 0, 0, 4, 639.59
1628156302, 1, 10, 35, 28, 4, 0.04%, 0, 0, 4, 650.01
1628156307, 1, 11, 35, 27, 3, 0.04%, 0, 0, 4, 648.60
1628156322, 1, 16, 36, 27, 2, 0.04%, 0, 0, 4, 631.26
1628156338, 1, 32, 36, 26, 1, 0.04%, 0, 0, 4, 643.65
1628156343, 1, 32, 37, 27, 1, 0.04%, 0, 0, 4, 616.89
1628156383, 2, 2, 37, 26, 0, 0.04%, 0, 0, 4, 692.33
1628156398, 2, 7, 38, 26, 0, 0.04%, 0, 0, 4, 677.17
1628156403, 2, 12, 38, 26, 0, 0.04%, 0, 0, 4, 708.91
1628156429, 2, 27, 39, 26, 1, 0.04%, 0, 0, 4, 610.66
1628156469, 2, 38, 39, 25, 1, 0.04%, 0, 0, 4, 663.52
1628156500, 2, 38, 40, 26, 1, 0.04%, 0, 0, 5, 618.69
1628156510, 2, 39, 40, 25, 1, 0.04%, 0, 0, 5, 661.43
1628156546, 3, 16, 40, 24, 0, 0.04%, 0, 0, 5, 618.83
1628156551, 3, 21, 41, 25, 0, 0.04%, 0, 0, 5, 638.52
1628156581, 3, 30, 42, 25, 0, 0.04%, 0, 0, 5, 608.90
1628156616, 3, 35, 42, 24, 0, 0.04%, 0, 0, 5, 673.98
1628156621, 3, 35, 44, 26, 0, 0.04%, 0, 0, 5, 661.52
1628156657, 3, 37, 44, 25, 0, 0.04%, 0, 0, 5, 660.81
1628156697, 3, 39, 44, 24, 0, 0.04%, 0, 0, 5, 635.43
1628156702, 3, 40, 44, 24, 0, 0.04%, 0, 0, 5, 672.51
1628156733, 3, 40, 45, 25, 0, 0.04%, 0, 0, 5, 642.07
1628156738, 3, 42, 45, 24, 0, 0.04%, 0, 0, 5, 613.89
1628156779, 3, 42, 47, 26, 0, 0.04%, 0, 0, 6, 518.47
1628156784, 4, 13, 48, 26, 0, 0.04%, 0, 0, 6, 552.88
1628156809, 4, 14, 49, 26, 0, 0.04%, 0, 0, 6, 569.23
1628156835, 4, 34, 49, 25, 0, 0.04%, 0, 0, 6, 603.51
1628156875, 4, 35, 49, 24, 0, 0.04%, 0, 0, 6, 505.41
1628156880, 4, 41, 49, 24, 0, 0.04%, 0, 0, 6, 561.74
1628156931, 4, 46, 50, 24, 0, 0.04%, 0, 0, 7, 588.02
1628157002, 4, 46, 51, 25, 0, 0.04%, 0, 0, 7, 516.21
1628157007, 5, 6, 51, 24, 0, 0.04%, 0, 0, 7, 577.25
1628157023, 5, 10, 51, 23, 0, 0.04%, 0, 0, 7, 601.42
1628157028, 5, 22, 51, 23, 0, 0.04%, 0, 0, 7, 652.19
1628157064, 5, 24, 51, 22, 0, 0.04%, 0, 0, 7, 654.92
1628157084, 5, 26, 52, 22, 0, 0.04%, 0, 0, 7, 594.19
1628157129, 5, 31, 52, 21, 0, 0.04%, 0, 0, 7, 591.85
1628157165, 5, 33, 52, 20, 0, 0.04%, 0, 0, 7, 636.61
1628157205, 5, 45, 52, 19, 0, 0.04%, 0, 0, 7, 514.85
1628157306, 5, 45, 53, 20, 0, 0.04%, 0, 0, 7, 514.57
1628157311, 5, 50, 54, 20, 0, 0.04%, 0, 0, 8, 555.58
1628157419, 6, 5, 54, 19, 0, 0.04%, 0, 0, 8, 517.47
1628157424, 6, 17, 54, 19, 0, 0.04%, 0, 0, 8, 561.07
1628157449, 6, 18, 54, 18, 0, 0.04%, 0, 0, 8, 576.20
1628157480, 6, 42, 54, 17, 0, 0.04%, 0, 0, 8, 525.01
1628157485, 6, 43, 54, 17, 0, 0.04%, 0, 0, 8, 584.30
1628157525, 6, 43, 55, 18, 0, 0.04%, 0, 0, 8, 564.00
1628157535, 6, 52, 55, 17, 0, 0.04%, 0, 0, 8, 594.42
1628157581, 6, 52, 56, 18, 0, 0.04%, 0, 0, 8, 571.47
1628157586, 6, 52, 57, 19, 0, 0.04%, 0, 0, 8, 554.02
1628157611, 6, 53, 57, 18, 0, 0.04%, 0, 0, 8, 543.91
1628157712, 6, 53, 58, 19, 0, 0.04%, 0, 0, 9, 495.76
1628157728, 6, 53, 59, 20, 0, 0.04%, 0, 0, 9, 519.62
1628157743, 7, 4, 59, 19, 0, 0.04%, 0, 0, 9, 509.47
1628157748, 7, 25, 59, 19, 0, 0.04%, 0, 0, 9, 527.09
1628157784, 7, 29, 59, 18, 0, 0.04%, 0, 0, 9, 603.19
1628157824, 7, 33, 59, 17, 0, 0.04%, 0, 0, 9, 162.41
1628157829, 7, 36, 59, 17, 0, 0.04%, 0, 0, 9, 502.75
1628157875, 7, 44, 59, 16, 0, 0.04%, 0, 0, 9, 551.63
1628157906, 7, 44, 60, 17, 0, 0.04%, 0, 0, 9, 618.96
1628157916, 7, 51, 60, 16, 0, 0.04%, 0, 0, 9, 599.35
1628157962, 7, 57, 61, 16, 0, 0.04%, 0, 0, 9, 512.08
