# unix_time, cycles_done, cur_path, paths_total, pending_total, pending_favs, map_size, unique_crashes, unique_hangs, max_depth, execs_per_sec
1627969424, 0, 0, 1, 1, 1, 0.07%, 0, 0, 1, 16.74
1627969429, 0, 0, 20, 20, 1, 0.10%, 0, 0, 2, 421.60
1627969435, 0, 0, 23, 23, 1, 0.10%, 0, 0, 2, 517.89
1627969445, 0, 0, 24, 24, 1, 0.10%, 0, 0, 2, 513.38
1627969496, 0, 0, 25, 25, 1, 0.10%, 0, 0, 2, 548.50
1627969526, 0, 5, 27, 26, 5, 0.10%, 0, 0, 3, 527.13
1627969531, 0, 5, 28, 27, 5, 0.10%, 0, 0, 3, 480.23
1627969628, 0, 16, 31, 29, 5, 0.11%, 0, 0, 3, 463.21
1627969633, 0, 16, 33, 31, 5, 0.11%, 0, 0, 3, 450.11
1627969638, 0, 16, 35, 33, 5, 0.11%, 0, 0, 3, 517.07
1627969709, 0, 16, 36, 34, 5, 0.12%, 0, 0, 3, 434.86
1627969739, 0, 22, 37, 34, 5, 0.12%, 0, 0, 3, 421.11
1627969851, 0, 23, 39, 35, 4, 0.12%, 0, 0, 3, 443.55
1627969862, 0, 23, 40, 36, 4, 0.12%, 0, 0, 3, 458.36
1627969917, 0, 23, 41, 37, 4, 0.12%, 0, 0, 3, 445.14
1627969948, 0, 23, 42, 38, 4, 0.12%, 0, 0, 3, 583.09
1627969953, 0, 26, 44, 39, 4, 0.12%, 0, 0, 4, 557.60
1627970040, 0, 32, 46, 40, 4, 0.12%, 0, 0, 4, 518.29
1627970105, 0, 32, 49, 43, 4, 0.12%, 0, 0, 4, 502.63
1627970136, 0, 35, 49, 42, 5, 0.12%, 0, 0, 4, 512.56
1627970232, 0, 40, 49, 41, 4, 0.12%, 0, 0, 4, 366.95
1627970298, 0, 40, 50, 42, 4, 0.12%, 0, 0, 4, 611.40
1627970328, 0, 42, 51, 42, 4, 0.12%, 0, 0, 5, 547.09
1627970425, 0, 44, 51, 41, 3, 0.12%, 0, 0, 5, 473.40
1627970516, 0, 45, 51, 40, 2, 0.12%, 0, 0, 5, 642.22
1627970603, 0, 49, 55, 43, 1, 0.12%, 0, 0, 5, 687.80
1627970608, 0, 49, 57, 45, 1, 0.12%, 0, 0, 5, 705.18
1627970613, 0, 49, 59, 47, 1, 0.12%, 0, 0, 5, 570.34
1627970684, 0, 49, 60, 48, 1, 0.12%, 0, 0, 5, 493.19
1627970689, 0, 51, 62, 49, 6, 0.12%, 0, 0, 6, 530.71
1627970780, 0, 53, 63, 49, 5, 0.12%, 0, 0, 6, 618.82
1627970842, 0, 53, 65, 51, 5, 0.12%, 0, 0, 6, 314.42
1627970867, 0, 53, 68, 54, 5, 0.12%, 0, 0, 6, 499.99
1627970872, 0, 54, 69, 54, 5, 0.12%, 0, 0, 6, 453.08
1627970877, 0, 54, 70, 55, 5, 0.12%, 0, 0, 6, 534.66
1627970959, 0, 56, 71, 55, 4, 0.12%, 0, 0, 6, 458.82
1627971045, 0, 58, 72, 55, 3, 0.12%, 0, 0, 6, 522.38
1627971142, 0, 67, 78, 59, 1, 0.12%, 0, 0, 7, 495.86
1627971183, 0, 67, 80, 61, 1, 0.12%, 0, 0, 7, 567.69
1627971208, 1, 11, 80, 60, 0, 0.12%, 0, 0, 7, 528.02
