# unix_time, cycles_done, cur_path, paths_total, pending_total, pending_favs, map_size, unique_crashes, unique_hangs, max_depth, execs_per_sec
1628195220, 0, 0, 1, 1, 1, 0.02%, 0, 0, 1, 98.77
1628195226, 0, 0, 16, 16, 1, 0.05%, 0, 0, 2, 565.70
1628195231, 0, 0, 24, 24, 1, 0.05%, 0, 0, 2, 795.17
1628195236, 0, 0, 25, 25, 1, 0.05%, 0, 0, 2, 836.80
1628195256, 0, 0, 26, 26, 1, 0.05%, 0, 0, 2, 762.50
1628195261, 0, 0, 29, 29, 1, 0.05%, 0, 0, 2, 733.79
1628195271, 0, 7, 29, 28, 8, 0.05%, 0, 0, 2, 782.34
1628195276, 0, 7, 30, 29, 8, 0.05%, 0, 0, 3, 693.65
1628195281, 0, 9, 30, 28, 7, 0.05%, 0, 0, 3, 640.46
1628195286, 0, 10, 32, 29, 6, 0.06%, 0, 0, 3, 616.20
1628195291, 0, 10, 33, 30, 6, 0.06%, 0, 0, 3, 571.28
1628195296, 0, 13, 33, 29, 7, 0.06%, 0, 0, 3, 596.06
1628195306, 0, 13, 35, 31, 7, 0.06%, 0, 0, 3, 622.84
1628195312, 0, 14, 35, 30, 6, 0.06%, 0, 0, 3, 615.42
1628195317, 0, 14, 36, 31, 6, 0.06%, 0, 0, 3, 601.95
1628195322, 0, 15, 41, 35, 5, 0.06%, 0, 0, 3, 626.94
1628195327, 0, 15, 45, 39, 5, 0.09%, 0, 0, 3, 630.07
1628195332, 0, 15, 47, 41, 5, 0.09%, 0, 0, 3, 623.00
1628195337, 0, 15, 48, 42, 5, 0.09%, 0, 0, 3, 610.67
1628195347, 0, 15, 49, 43, 5, 0.10%, 0, 0, 3, 638.58
1628195352, 0, 15, 51, 45, 5, 0.10%, 0, 0, 3, 666.52
1628195368, 0, 15, 52, 46, 5, 0.11%, 0, 0, 3, 600.52
1628195378, 0, 20, 53, 46, 10, 0.11%, 0, 0, 3, 629.07
1628195383, 0, 26, 55, 47, 9, 0.11%, 0, 0, 3, 657.28
1628195393, 0, 26, 58, 50, 9, 0.11%, 0, 0, 3, 643.80
1628195403, 0, 30, 59, 50, 9, 0.11%, 0, 0, 4, 610.18
1628195413, 0, 31, 60, 50, 9, 0.11%, 0, 0, 4, 601.09
1628195418, 0, 31, 61, 51, 9, 0.11%, 0, 0, 4, 617.85
1628195423, 0, 43, 63, 52, 8, 0.11%, 0, 0, 4, 603.64
1628195428, 0, 43, 69, 58, 8, 0.12%, 0, 0, 4, 597.10
1628195433, 0, 43, 73, 62, 8, 0.12%, 0, 0, 4, 606.38
1628195439, 0, 43, 76, 65, 8, 0.12%, 0, 0, 4, 630.94
1628195444, 0, 43, 77, 66, 8, 0.12%, 0, 0, 4, 623.28
1628195449, 0, 43, 78, 67, 8, 0.12%, 0, 0, 4, 627.74
1628195454, 0, 43, 80, 69, 8, 0.12%, 0, 0, 4, 635.49
1628195459, 0, 43, 82, 71, 8, 0.12%, 0, 0, 4, 623.59
1628195464, 0, 43, 84, 73, 8, 0.12%, 0, 0, 4, 607.82
1628195469, 0, 43, 86, 75, 8, 0.12%, 0, 0, 4, 616.21
1628195474, 0, 43, 87, 76, 8, 0.12%, 0, 0, 4, 618.72
1628195479, 0, 44, 90, 78, 9, 0.12%, 0, 0, 4, 610.50
1628195484, 0, 44, 91, 79, 9, 0.12%, 0, 0, 4, 604.06
1628195495, 0, 44, 96, 84, 9, 0.12%, 0, 0, 4, 645.05
1628195505, 0, 44, 100, 88, 9, 0.12%, 0, 0, 4, 608.72
1628195515, 0, 44, 101, 89, 9, 0.12%, 0, 0, 4, 610.20
1628195525, 0, 44, 102, 90, 9, 0.12%, 0, 0, 4, 629.34
1628195530, 0, 52, 102, 89, 10, 0.12%, 0, 0, 4, 615.95
1628195546, 0, 52, 105, 92, 10, 0.12%, 0, 0, 4, 636.52
1628195551, 0, 52, 107, 94, 10, 0.12%, 0, 0, 4, 633.34
1628195561, 0, 52, 108, 95, 10, 0.12%, 0, 0, 4, 624.10
1628195577, 0, 52, 109, 96, 10, 0.12%, 0, 0, 4, 640.78
1628195597, 0, 54, 109, 95, 9, 0.12%, 0, 0, 4, 638.08
1628195602, 0, 58, 109, 94, 8, 0.12%, 0, 0, 4, 660.56
1628195607, 0, 58, 110, 95, 8, 0.12%, 0, 0, 5, 641.83
1628195612, 0, 62, 110, 94, 7, 0.12%, 0, 0, 5, 631.44
1628195622, 0, 64, 110, 93, 6, 0.12%, 0, 0, 5, 641.50
1628195632, 0, 68, 110, 92, 5, 0.12%, 0, 0, 5, 632.78
1628195648, 0, 68, 112, 94, 5, 0.12%, 0, 0, 5, 624.54
1628195663, 0, 68, 113, 95, 5, 0.12%, 0, 0, 5, 635.89
1628195668, 0, 68, 114, 96, 5, 0.12%, 0, 0, 5, 640.76
1628195673, 0, 68, 115, 97, 5, 0.12%, 0, 0, 5, 632.33
1628195684, 0, 70, 116, 97, 5, 0.12%, 0, 0, 5, 628.27
1628195699, 0, 73, 116, 96, 4, 0.12%, 0, 0, 5, 585.51
1628195709, 0, 73, 117, 97, 4, 0.12%, 0, 0, 5, 661.99
1628195714, 0, 73, 118, 98, 4, 0.12%, 0, 0, 5, 631.39
1628195725, 0, 80, 118, 97, 4, 0.12%, 0, 0, 5, 624.46
1628195740, 0, 95, 118, 96, 3, 0.12%, 0, 0, 5, 610.39
1628195750, 0, 95, 119, 97, 3, 0.12%, 0, 0, 5, 633.38
1628195755, 0, 95, 121, 99, 3, 0.12%, 0, 0, 5, 640.48
1628195776, 0, 96, 121, 98, 2, 0.12%, 0, 0, 5, 639.45
1628195791, 0, 96, 122, 99, 2, 0.12%, 0, 0, 5, 648.91
1628195796, 0, 113, 122, 98, 1, 0.12%, 0, 0, 5, 643.82
1628195827, 0, 113, 124, 100, 1, 0.12%, 0, 0, 6, 626.27
1628195832, 0, 113, 125, 101, 1, 0.12%, 0, 0, 6, 625.92
1628195867, 0, 123, 125, 100, 1, 0.12%, 0, 0, 6, 582.22
1628195903, 0, 123, 126, 101, 1, 0.12%, 0, 0, 7, 596.94
1628195913, 1, 6, 126, 100, 0, 0.12%, 0, 0, 7, 628.04
1628195918, 1, 9, 126, 99, 0, 0.12%, 0, 0, 7, 618.32
1628195923, 1, 24, 126, 99, 0, 0.12%, 0, 0, 7, 600.86
1628195933, 1, 28, 126, 98, 0, 0.12%, 0, 0, 7, 601.27
1628195943, 1, 29, 126, 97, 0, 0.12%, 0, 0, 7, 635.85
1628195953, 1, 29, 127, 98, 0, 0.12%, 0, 0, 7, 615.25
1628195958, 1, 33, 127, 97, 0, 0.12%, 0, 0, 7, 596.74
1628195968, 1, 33, 128, 98, 0, 0.12%, 0, 0, 7, 617.33
1628195973, 1, 33, 129, 99, 0, 0.12%, 0, 0, 7, 597.17
1628195979, 1, 34, 129, 98, 0, 0.12%, 0, 0, 7, 608.66
1628195989, 1, 36, 129, 97, 0, 0.12%, 0, 0, 7, 638.83
1628195999, 1, 37, 129, 96, 0, 0.12%, 0, 0, 7, 632.27
1628196004, 1, 46, 129, 95, 0, 0.12%, 0, 0, 7, 620.12
1628196019, 1, 49, 130, 95, 0, 0.12%, 0, 0, 7, 626.66
1628196039, 1, 50, 131, 95, 0, 0.12%, 0, 0, 7, 607.64
1628196055, 1, 55, 131, 94, 0, 0.12%, 0, 0, 7, 609.80
1628196065, 1, 55, 133, 96, 0, 0.12%, 0, 0, 7, 610.45
1628196070, 1, 55, 134, 97, 0, 0.12%, 0, 0, 7, 626.57
1628196075, 1, 55, 135, 98, 0, 0.12%, 0, 0, 7, 625.05
1628196090, 1, 63, 135, 97, 0, 0.12%, 0, 0, 7, 595.89
1628196111, 1, 69, 136, 97, 0, 0.12%, 0, 0, 7, 599.10
1628196121, 1, 70, 136, 96, 0, 0.12%, 0, 0, 7, 609.96
1628196126, 1, 71, 136, 96, 0, 0.12%, 0, 0, 7, 602.14
1628196141, 1, 72, 137, 96, 0, 0.12%, 0, 0, 7, 626.40
1628196156, 1, 75, 137, 95, 0, 0.12%, 0, 0, 7, 617.33
1628196172, 1, 85, 137, 94, 0, 0.12%, 0, 0, 7, 634.32
1628196187, 1, 88, 137, 93, 0, 0.12%, 0, 0, 7, 623.36
1628196202, 1, 91, 137, 92, 0, 0.12%, 0, 0, 7, 616.85
1628196212, 1, 91, 138, 93, 0, 0.12%, 0, 0, 7, 598.15
1628196217, 1, 101, 138, 92, 0, 0.12%, 0, 0, 7, 618.08
1628196243, 1, 104, 138, 91, 0, 0.12%, 0, 0, 7, 592.43
1628196268, 1, 104, 139, 92, 0, 0.12%, 0, 0, 7, 589.02
1628196273, 1, 104, 140, 93, 0, 0.12%, 0, 0, 7, 638.49
1628196288, 1, 106, 140, 92, 0, 0.12%, 0, 0, 7, 650.63
1628196309, 1, 108, 140, 91, 0, 0.12%, 0, 0, 7, 639.69
1628196330, 1, 108, 141, 92, 0, 0.12%, 0, 0, 7, 652.67
1628196335, 1, 122, 141, 91, 0, 0.12%, 0, 0, 7, 640.91
1628196370, 1, 122, 142, 92, 0, 0.12%, 0, 0, 7, 637.59
1628196375, 1, 130, 142, 91, 0, 0.12%, 0, 0, 7, 634.28
1628196411, 1, 130, 143, 92, 0, 0.12%, 0, 0, 7, 628.54
1628196421, 1, 133, 143, 91, 0, 0.12%, 0, 0, 7, 646.59
