# unix_time, cycles_done, cur_path, paths_total, pending_total, pending_favs, map_size, unique_crashes, unique_hangs, max_depth, execs_per_sec
1628898000, 0, 0, 1, 1, 1, 0.02%, 0, 0, 1, 65.57
1628898005, 0, 0, 7, 7, 1, 0.04%, 0, 0, 2, 422.65
1628898010, 0, 1, 10, 9, 7, 0.05%, 0, 0, 3, 498.31
1628898020, 0, 2, 10, 8, 7, 0.05%, 0, 0, 3, 547.70
1628898030, 0, 3, 10, 7, 6, 0.05%, 0, 0, 3, 562.61
1628898035, 0, 5, 10, 6, 5, 0.05%, 0, 0, 3, 585.61
1628898046, 0, 6, 11, 6, 4, 0.06%, 0, 0, 3, 550.24
1628898051, 0, 7, 11, 5, 4, 0.06%, 0, 0, 3, 567.83
1628898061, 0, 8, 14, 7, 3, 0.06%, 0, 0, 3, 574.40
1628898066, 0, 9, 15, 7, 5, 0.07%, 0, 0, 3, 599.44
1628898077, 0, 10, 16, 7, 4, 0.08%, 0, 0, 4, 590.48
1628898082, 0, 12, 17, 7, 4, 0.08%, 0, 0, 4, 596.64
1628898092, 0, 13, 18, 7, 5, 0.08%, 0, 0, 4, 596.96
1628898097, 0, 13, 20, 9, 5, 0.09%, 0, 0, 4, 596.21
1628898102, 0, 14, 23, 11, 4, 0.10%, 0, 0, 4, 548.44
1628898112, 0, 14, 27, 15, 4, 0.11%, 0, 0, 4, 575.34
1628898133, 0, 15, 27, 14, 8, 0.11%, 0, 0, 4, 575.02
1628898143, 0, 16, 27, 13, 7, 0.11%, 0, 0, 4, 588.85
1628898148, 0, 19, 28, 13, 6, 0.12%, 0, 0, 5, 587.45
1628898163, 0, 20, 28, 12, 5, 0.12%, 0, 0, 5, 481.20
1628898173, 0, 23, 28, 11, 4, 0.12%, 0, 0, 5, 502.95
1628898193, 0, 24, 28, 10, 3, 0.12%, 0, 0, 5, 519.33
1628898209, 0, 26, 28, 9, 2, 0.12%, 0, 0, 5, 518.18
1628898224, 0, 27, 28, 8, 1, 0.12%, 0, 0, 5, 587.82
1628898234, 1, 14, 28, 7, 0, 0.12%, 0, 0, 5, 576.99
1628898240, 2, 4, 28, 7, 0, 0.12%, 0, 0, 5, 595.56
1628898250, 2, 11, 28, 6, 0, 0.12%, 0, 0, 5, 580.23
1628898260, 2, 18, 28, 5, 0, 0.12%, 0, 0, 5, 580.64
1628898276, 2, 24, 28, 4, 0, 0.12%, 0, 0, 5, 592.32
1628898281, 3, 3, 28, 4, 0, 0.12%, 0, 0, 5, 597.65
1628898286, 3, 19, 28, 4, 0, 0.12%, 0, 0, 5, 612.13
1628898291, 3, 26, 28, 4, 0, 0.12%, 0, 0, 5, 607.59
1628898296, 4, 15, 28, 4, 0, 0.12%, 0, 0, 5, 619.30
1628898301, 4, 23, 28, 4, 0, 0.12%, 0, 0, 5, 633.21
1628898306, 4, 25, 28, 4, 0, 0.12%, 0, 0, 5, 602.07
1628898321, 5, 7, 28, 3, 0, 0.12%, 0, 0, 5, 593.78
1628898326, 5, 19, 28, 3, 0, 0.12%, 0, 0, 5, 575.24
1628898331, 5, 21, 28, 3, 0, 0.12%, 0, 0, 5, 586.71
1628898341, 5, 24, 28, 2, 0, 0.12%, 0, 0, 5, 615.92
1628898346, 6, 6, 28, 2, 0, 0.12%, 0, 0, 5, 608.76
1628898351, 6, 19, 28, 2, 0, 0.12%, 0, 0, 5, 598.92
1628898356, 6, 22, 28, 2, 0, 0.12%, 0, 0, 5, 575.47
1628898367, 6, 24, 28, 1, 0, 0.12%, 0, 0, 5, 606.02
1628898372, 7, 9, 28, 1, 0, 0.12%, 0, 0, 5, 623.58
1628898377, 7, 20, 28, 1, 0, 0.12%, 0, 0, 5, 600.25
1628898382, 7, 27, 28, 1, 0, 0.12%, 0, 0, 5, 589.00
1628898387, 8, 16, 28, 1, 0, 0.12%, 0, 0, 5, 625.30
1628898392, 8, 26, 28, 1, 0, 0.12%, 0, 0, 5, 600.77
1628898397, 9, 7, 28, 1, 0, 0.12%, 0, 0, 5, 583.03
1628898403, 9, 17, 28, 1, 0, 0.12%, 0, 0, 5, 574.51
1628898413, 9, 19, 28, 0, 0, 0.12%, 0, 0, 5, 613.00
1628898418, 9, 26, 28, 0, 0, 0.12%, 0, 0, 5, 569.09
1628898423, 10, 7, 28, 0, 0, 0.12%, 0, 0, 5, 583.26
1628898428, 10, 20, 28, 0, 0, 0.12%, 0, 0, 5, 590.00
1628898433, 10, 27, 28, 0, 0, 0.12%, 0, 0, 5, 573.03
1628898438, 11, 15, 28, 0, 0, 0.12%, 0, 0, 5, 556.08
1628898443, 11, 24, 28, 0, 0, 0.12%, 0, 0, 5, 560.47
1628898448, 12, 3, 28, 0, 0, 0.12%, 0, 0, 5, 524.03
1628898454, 12, 16, 28, 0, 0, 0.12%, 0, 0, 5, 548.59
1628898459, 12, 26, 28, 0, 0, 0.12%, 0, 0, 5, 600.71
1628898464, 13, 14, 28, 0, 0, 0.12%, 0, 0, 5, 539.37
1628898469, 13, 20, 28, 0, 0, 0.12%, 0, 0, 5, 566.27
1628898474, 13, 28, 29, 1, 1, 0.12%, 0, 0, 5, 572.75
1628898510, 13, 28, 30, 2, 1, 0.12%, 0, 0, 6, 558.47
1628898530, 13, 29, 30, 1, 1, 0.12%, 0, 0, 6, 529.24
1628898576, 14, 14, 30, 0, 0, 0.12%, 0, 0, 6, 555.62
1628898581, 14, 20, 30, 0, 0, 0.12%, 0, 0, 6, 564.33
1628898586, 14, 26, 30, 0, 0, 0.12%, 0, 0, 6, 546.52
1628898591, 14, 29, 30, 0, 0, 0.12%, 0, 0, 6, 556.83
1628898596, 15, 3, 30, 0, 0, 0.12%, 0, 0, 6, 548.14
1628898601, 15, 15, 30, 0, 0, 0.12%, 0, 0, 6, 507.84
1628898606, 15, 20, 30, 0, 0, 0.12%, 0, 0, 6, 429.00
1628898611, 15, 26, 30, 0, 0, 0.12%, 0, 0, 6, 434.40
1628898616, 15, 29, 30, 0, 0, 0.12%, 0, 0, 6, 406.36
1628898627, 16, 3, 30, 0, 0, 0.12%, 0, 0, 6, 314.76
1628898632, 16, 16, 30, 0, 0, 0.12%, 0, 0, 6, 407.60
1628898637, 16, 24, 30, 0, 0, 0.12%, 0, 0, 6, 444.32
1628898642, 16, 27, 30, 0, 0, 0.12%, 0, 0, 6, 428.40
1628898647, 16, 29, 30, 0, 0, 0.12%, 0, 0, 6, 423.54
1628898652, 17, 13, 30, 0, 0, 0.12%, 0, 0, 6, 407.68
1628898657, 17, 19, 30, 0, 0, 0.12%, 0, 0, 6, 421.59
1628898662, 17, 24, 30, 0, 0, 0.12%, 0, 0, 6, 444.13
1628898667, 17, 27, 30, 0, 0, 0.12%, 0, 0, 6, 427.11
1628898672, 18, 6, 30, 0, 0, 0.12%, 0, 0, 6, 455.39
1628898678, 18, 16, 30, 0, 0, 0.12%, 0, 0, 6, 453.37
1628898683, 18, 24, 30, 0, 0, 0.12%, 0, 0, 6, 419.59
1628898688, 18, 27, 30, 0, 0, 0.12%, 0, 0, 6, 443.77
1628898693, 19, 6, 30, 0, 0, 0.12%, 0, 0, 6, 421.61
1628898698, 19, 15, 30, 0, 0, 0.12%, 0, 0, 6, 392.88
1628898703, 19, 20, 30, 0, 0, 0.12%, 0, 0, 6, 403.77
1628898708, 19, 26, 30, 0, 0, 0.12%, 0, 0, 6, 428.33
1628898713, 19, 29, 30, 0, 0, 0.12%, 0, 0, 6, 405.10
1628898719, 20, 15, 30, 0, 0, 0.12%, 0, 0, 6, 397.71
1628898724, 20, 19, 30, 0, 0, 0.12%, 0, 0, 6, 427.64
1628898729, 20, 26, 30, 0, 0, 0.12%, 0, 0, 6, 419.46
1628898734, 20, 29, 30, 0, 0, 0.12%, 0, 0, 6, 470.81
1628898739, 21, 15, 30, 0, 0, 0.12%, 0, 0, 6, 416.12
1628898744, 21, 20, 30, 0, 0, 0.12%, 0, 0, 6, 427.80
1628898749, 21, 26, 30, 0, 0, 0.12%, 0, 0, 6, 422.23
1628898754, 21, 29, 30, 0, 0, 0.12%, 0, 0, 6, 432.63
1628898759, 22, 14, 30, 0, 0, 0.12%, 0, 0, 6, 385.94
1628898765, 22, 20, 30, 0, 0, 0.12%, 0, 0, 6, 422.22
1628898770, 22, 26, 30, 0, 0, 0.12%, 0, 0, 6, 458.18
1628898775, 22, 28, 30, 0, 0, 0.12%, 0, 0, 6, 433.61
1628898785, 22, 29, 30, 0, 0, 0.12%, 0, 0, 6, 403.62
1628898790, 23, 15, 30, 0, 0, 0.12%, 0, 0, 6, 424.64
1628898795, 23, 20, 30, 0, 0, 0.12%, 0, 0, 6, 430.64
1628898800, 23, 26, 30, 0, 0, 0.12%, 0, 0, 6, 408.89
1628898806, 23, 29, 30, 0, 0, 0.12%, 0, 0, 6, 388.21
1628898811, 24, 10, 30, 0, 0, 0.12%, 0, 0, 6, 425.37
1628898816, 24, 19, 30, 0, 0, 0.12%, 0, 0, 6, 451.05
1628898821, 24, 24, 30, 0, 0, 0.12%, 0, 0, 6, 446.58
1628898826, 24, 27, 30, 0, 0, 0.12%, 0, 0, 6, 412.91
1628898831, 25, 3, 30, 0, 0, 0.12%, 0, 0, 6, 426.51
1628898836, 25, 16, 30, 0, 0, 0.12%, 0, 0, 6, 452.42
1628898841, 25, 24, 30, 0, 0, 0.12%, 0, 0, 6, 427.69
1628898846, 25, 26, 30, 0, 0, 0.12%, 0, 0, 6, 429.55
1628898851, 26, 2, 30, 0, 0, 0.12%, 0, 0, 6, 421.81
1628898856, 26, 15, 30, 0, 0, 0.12%, 0, 0, 6, 406.28
1628898861, 26, 20, 30, 0, 0, 0.12%, 0, 0, 6, 436.35
1628898866, 26, 27, 30, 0, 0, 0.12%, 0, 0, 6, 449.40
1628898872, 27, 3, 30, 0, 0, 0.12%, 0, 0, 6, 420.46
1628898877, 27, 15, 30, 0, 0, 0.12%, 0, 0, 6, 416.91
1628898882, 27, 20, 30, 0, 0, 0.12%, 0, 0, 6, 433.18
1628898887, 27, 26, 30, 0, 0, 0.12%, 0, 0, 6, 397.63
1628898892, 27, 29, 30, 0, 0, 0.12%, 0, 0, 6, 310.51
1628898897, 28, 15, 30, 0, 0, 0.12%, 0, 0, 6, 413.86
1628898902, 28, 19, 30, 0, 0, 0.12%, 0, 0, 6, 423.87
1628898907, 28, 26, 30, 0, 0, 0.12%, 0, 0, 6, 439.96
1628898913, 28, 29, 30, 0, 0, 0.12%, 0, 0, 6, 422.22
1628898918, 29, 9, 30, 0, 0, 0.12%, 0, 0, 6, 441.48
1628898923, 29, 19, 30, 0, 0, 0.12%, 0, 0, 6, 446.79
1628898928, 29, 24, 30, 0, 0, 0.12%, 0, 0, 6, 391.54
1628898933, 29, 28, 30, 0, 0, 0.12%, 0, 0, 6, 458.62
1628898943, 29, 29, 30, 0, 0, 0.12%, 0, 0, 6, 418.33
1628898948, 30, 7, 30, 0, 0, 0.12%, 0, 0, 6, 351.36
1628898953, 30, 19, 30, 0, 0, 0.12%, 0, 0, 6, 429.33
1628898958, 30, 24, 30, 0, 0, 0.12%, 0, 0, 6, 422.71
1628898963, 30, 29, 30, 0, 0, 0.12%, 0, 0, 6, 436.66
1628898969, 31, 9, 30, 0, 0, 0.12%, 0, 0, 6, 422.29
1628898974, 31, 16, 30, 0, 0, 0.12%, 0, 0, 6, 432.44
1628898979, 31, 24, 30, 0, 0, 0.12%, 0, 0, 6, 433.60
1628898984, 31, 29, 30, 0, 0, 0.12%, 0, 0, 6, 428.57
1628898989, 32, 3, 30, 0, 0, 0.12%, 0, 0, 6, 412.70
1628898994, 32, 15, 30, 0, 0, 0.12%, 0, 0, 6, 427.99
1628898999, 32, 20, 30, 0, 0, 0.12%, 0, 0, 6, 430.69
1628899004, 32, 26, 30, 0, 0, 0.12%, 0, 0, 6, 438.82
1628899010, 32, 29, 30, 0, 0, 0.12%, 0, 0, 6, 464.08
1628899015, 33, 15, 30, 0, 0, 0.12%, 0, 0, 6, 476.40
1628899020, 33, 24, 30, 0, 0, 0.12%, 0, 0, 6, 474.52
1628899025, 33, 27, 30, 0, 0, 0.12%, 0, 0, 6, 450.09
1628899030, 34, 3, 30, 0, 0, 0.12%, 0, 0, 6, 456.66
1628899035, 34, 16, 30, 0, 0, 0.12%, 0, 0, 6, 442.96
1628899040, 34, 24, 30, 0, 0, 0.12%, 0, 0, 6, 450.37
1628899045, 34, 27, 30, 0, 0, 0.12%, 0, 0, 6, 434.90
1628899050, 35, 6, 30, 0, 0, 0.12%, 0, 0, 6, 480.06
1628899055, 35, 16, 30, 0, 0, 0.12%, 0, 0, 6, 423.67
1628899061, 35, 24, 30, 0, 0, 0.12%, 0, 0, 6, 439.50
1628899066, 35, 27, 30, 0, 0, 0.12%, 0, 0, 6, 436.97
1628899071, 35, 28, 30, 0, 0, 0.12%, 0, 0, 6, 565.33
1628899076, 36, 3, 30, 0, 0, 0.12%, 0, 0, 6, 434.00
1628899081, 36, 15, 30, 0, 0, 0.12%, 0, 0, 6, 368.56
1628899086, 36, 24, 30, 0, 0, 0.12%, 0, 0, 6, 439.03
1628899091, 36, 26, 30, 0, 0, 0.12%, 0, 0, 6, 491.26
1628899096, 37, 2, 30, 0, 0, 0.12%, 0, 0, 6, 466.49
1628899101, 37, 15, 30, 0, 0, 0.12%, 0, 0, 6, 435.21
1628899107, 37, 20, 30, 0, 0, 0.12%, 0, 0, 6, 380.95
1628899112, 37, 26, 30, 0, 0, 0.12%, 0, 0, 6, 436.73
1628899117, 38, 2, 30, 0, 0, 0.12%, 0, 0, 6, 431.65
1628899122, 38, 15, 30, 0, 0, 0.12%, 0, 0, 6, 453.82
1628899127, 38, 24, 30, 0, 0, 0.12%, 0, 0, 6, 460.09
1628899132, 38, 27, 30, 0, 0, 0.12%, 0, 0, 6, 465.54
1628899137, 39, 6, 30, 0, 0, 0.12%, 0, 0, 6, 482.25
1628899142, 39, 16, 30, 0, 0, 0.12%, 0, 0, 6, 465.01
1628899147, 39, 24, 30, 0, 0, 0.12%, 0, 0, 6, 428.76
1628899152, 39, 29, 30, 0, 0, 0.12%, 0, 0, 6, 440.19
1628899158, 40, 9, 30, 0, 0, 0.12%, 0, 0, 6, 457.06
1628899163, 40, 19, 30, 0, 0, 0.12%, 0, 0, 6, 432.23
1628899168, 40, 26, 30, 0, 0, 0.12%, 0, 0, 6, 471.70
1628899173, 40, 29, 30, 0, 0, 0.12%, 0, 0, 6, 459.80
1628899178, 41, 15, 30, 0, 0, 0.12%, 0, 0, 6, 577.51
1628899183, 41, 19, 30, 0, 0, 0.12%, 0, 0, 6, 476.86
1628899188, 41, 24, 30, 0, 0, 0.12%, 0, 0, 6, 444.34
1628899193, 41, 29, 30, 0, 0, 0.12%, 0, 0, 6, 450.80
1628899198, 42, 6, 30, 0, 0, 0.12%, 0, 0, 6, 389.06
