# unix_time, cycles_done, cur_path, paths_total, pending_total, pending_favs, map_size, unique_crashes, unique_hangs, max_depth, execs_per_sec
1628154330, 0, 0, 1, 1, 1, 0.00%, 0, 0, 1, 74.07
1628154335, 0, 1, 9, 8, 1, 0.04%, 0, 0, 3, 593.11
1628154350, 0, 1, 13, 12, 1, 0.04%, 0, 0, 3, 655.50
1628154355, 0, 1, 17, 16, 1, 0.04%, 0, 0, 3, 688.42
1628154360, 0, 2, 19, 17, 8, 0.04%, 0, 0, 3, 662.88
1628154375, 0, 3, 19, 16, 7, 0.04%, 0, 0, 3, 664.05
1628154390, 0, 4, 19, 15, 6, 0.04%, 0, 0, 3, 660.02
1628154406, 0, 5, 20, 15, 5, 0.04%, 0, 0, 4, 661.68
1628154421, 0, 6, 20, 14, 4, 0.04%, 0, 0, 4, 631.37
1628154431, 0, 7, 20, 13, 3, 0.04%, 0, 0, 4, 649.96
1628154446, 0, 8, 20, 12, 2, 0.04%, 0, 0, 4, 651.84
1628154461, 0, 16, 20, 11, 1, 0.04%, 0, 0, 4, 635.64
1628154477, 1, 10, 22, 12, 0, 0.04%, 0, 0, 4, 644.02
1628154482, 1, 10, 23, 13, 0, 0.04%, 0, 0, 4, 658.75
1628154492, 1, 10, 24, 14, 0, 0.04%, 0, 0, 4, 647.10
1628154497, 1, 13, 24, 13, 0, 0.04%, 0, 0, 4, 637.19
1628154517, 1, 13, 25, 14, 0, 0.04%, 0, 0, 4, 635.77
1628154522, 1, 25, 29, 17, 1, 0.04%, 0, 0, 5, 646.47
1628154558, 1, 25, 33, 21, 1, 0.04%, 0, 0, 5, 621.98
1628154584, 1, 26, 33, 20, 1, 0.04%, 0, 0, 5, 622.09
1628154619, 1, 28, 33, 19, 0, 0.04%, 0, 0, 5, 668.77
1628154660, 1, 32, 33, 18, 0, 0.04%, 0, 0, 5, 614.33
1628154690, 2, 9, 33, 17, 0, 0.04%, 0, 0, 5, 652.94
1628154715, 2, 11, 33, 16, 0, 0.04%, 0, 0, 5, 646.18
1628154736, 2, 15, 33, 15, 0, 0.04%, 0, 0, 5, 668.83
1628154756, 2, 17, 33, 14, 0, 0.04%, 0, 0, 5, 637.38
1628154787, 2, 21, 33, 13, 0, 0.04%, 0, 0, 5, 665.12
1628154808, 2, 21, 34, 14, 0, 0.04%, 0, 0, 5, 683.49
1628154813, 2, 33, 34, 13, 0, 0.04%, 0, 0, 5, 671.69
1628154843, 3, 18, 34, 12, 0, 0.04%, 0, 0, 5, 657.82
1628154863, 3, 22, 34, 11, 0, 0.04%, 0, 0, 5, 649.54
1628154889, 3, 31, 35, 11, 0, 0.04%, 0, 0, 6, 631.48
1628154894, 3, 31, 37, 13, 0, 0.04%, 0, 0, 6, 621.96
1628154925, 3, 31, 38, 14, 0, 0.04%, 0, 0, 6, 610.22
1628154930, 3, 31, 40, 16, 0, 0.04%, 0, 0, 6, 657.58
1628154935, 3, 31, 41, 17, 0, 0.04%, 0, 0, 6, 592.55
1628154950, 3, 34, 41, 16, 1, 0.04%, 0, 0, 6, 586.20
1628154986, 3, 34, 42, 17, 1, 0.04%, 0, 0, 7, 545.11
1628154991, 3, 34, 43, 18, 1, 0.04%, 0, 0, 7, 524.47
1628154996, 3, 34, 44, 19, 1, 0.04%, 0, 0, 7, 545.85
1628155001, 3, 34, 45, 20, 1, 0.04%, 0, 0, 7, 523.11
1628155006, 3, 34, 46, 21, 1, 0.04%, 0, 0, 7, 524.13
1628155011, 3, 34, 47, 22, 1, 0.04%, 0, 0, 7, 533.36
1628155016, 3, 42, 47, 21, 1, 0.04%, 0, 0, 7, 628.30
1628155052, 3, 42, 48, 22, 1, 0.04%, 0, 0, 8, 586.21
1628155057, 3, 42, 50, 24, 1, 0.04%, 0, 0, 8, 508.63
1628155062, 3, 42, 51, 25, 1, 0.04%, 0, 0, 8, 529.55
1628155067, 3, 42, 52, 26, 1, 0.04%, 0, 0, 8, 536.69
1628155082, 3, 44, 52, 25, 0, 0.04%, 0, 0, 8, 511.00
1628155128, 3, 44, 53, 26, 0, 0.04%, 0, 0, 8, 352.70
1628155852, 3, 44, 55, 28, 0, 0.04%, 0, 0, 8, 353.05
1628155857, 3, 44, 56, 29, 0, 0.04%, 0, 0, 8, 356.98
1628155882, 3, 48, 56, 28, 0, 0.04%, 0, 0, 8, 397.13
1628155887, 3, 48, 58, 30, 0, 0.04%, 0, 0, 9, 531.25
1628155948, 3, 51, 58, 29, 0, 0.04%, 0, 0, 9, 556.48
1628156030, 3, 51, 60, 31, 0, 0.04%, 0, 0, 9, 506.63
1628156035, 3, 51, 62, 33, 0, 0.04%, 0, 0, 9, 518.94
1628156050, 3, 53, 62, 32, 0, 0.04%, 0, 0, 9, 488.64
