# unix_time, cycles_done, cur_path, paths_total, pending_total, pending_favs, map_size, unique_crashes, unique_hangs, max_depth, execs_per_sec
1634548788, 0, 0, 1, 1, 1, 0.00%, 0, 0, 1, 70.80
1634548794, 8, 1, 2, 0, 0, 0.00%, 0, 0, 2, 817.07
1634548799, 19, 0, 2, 0, 0, 0.00%, 0, 0, 2, 952.34
1634548804, 29, 1, 2, 0, 0, 0.00%, 0, 0, 2, 982.50
1634548809, 39, 1, 2, 0, 0, 0.00%, 0, 0, 2, 1000.79
1634548814, 50, 1, 2, 0, 0, 0.00%, 0, 0, 2, 1001.78
1634548819, 61, 0, 2, 0, 0, 0.00%, 0, 0, 2, 1000.09
1634548824, 71, 1, 2, 0, 0, 0.00%, 0, 0, 2, 998.04
1634548829, 82, 0, 2, 0, 0, 0.00%, 0, 0, 2, 1002.96
1634548834, 92, 1, 2, 0, 0, 0.00%, 0, 0, 2, 993.98
1634548839, 103, 0, 2, 0, 0, 0.00%, 0, 0, 2, 1008.16
1634548844, 113, 1, 2, 0, 0, 0.00%, 0, 0, 2, 994.76
1634548849, 124, 0, 2, 0, 0, 0.00%, 0, 0, 2, 984.42
1634548854, 134, 1, 2, 0, 0, 0.00%, 0, 0, 2, 977.32
1634548859, 144, 1, 2, 0, 0, 0.00%, 0, 0, 2, 993.50
1634548864, 155, 0, 2, 0, 0, 0.00%, 0, 0, 2, 1000.03
1634548869, 165, 1, 2, 0, 0, 0.00%, 0, 0, 2, 1006.12
1634548874, 176, 1, 2, 0, 0, 0.00%, 0, 0, 2, 1005.98
1634548879, 187, 0, 2, 0, 0, 0.00%, 0, 0, 2, 1003.61
1634548884, 197, 1, 2, 0, 0, 0.00%, 0, 0, 2, 999.86
1634548889, 208, 0, 2, 0, 0, 0.00%, 0, 0, 2, 1007.04
1634548895, 218, 1, 2, 0, 0, 0.00%, 0, 0, 2, 1000.85
1634548900, 229, 0, 2, 0, 0, 0.00%, 0, 0, 2, 1006.39
1634548905, 239, 1, 2, 0, 0, 0.00%, 0, 0, 2, 999.53
1634548910, 250, 1, 2, 0, 0, 0.00%, 0, 0, 2, 995.92
1634548915, 260, 1, 2, 0, 0, 0.00%, 0, 0, 2, 997.58
1634548920, 271, 1, 2, 0, 0, 0.00%, 0, 0, 2, 1001.12
1634548925, 281, 1, 2, 0, 0, 0.00%, 0, 0, 2, 982.40
1634548930, 292, 1, 2, 0, 0, 0.00%, 0, 0, 2, 999.87
1634548935, 302, 1, 2, 0, 0, 0.00%, 0, 0, 2, 995.70
1634548940, 313, 1, 2, 0, 0, 0.00%, 0, 0, 2, 1007.01
1634548945, 323, 1, 2, 0, 0, 0.00%, 0, 0, 2, 1002.80
1634548950, 334, 1, 2, 0, 0, 0.00%, 0, 0, 2, 1006.35
1634548955, 345, 1, 2, 0, 0, 0.00%, 0, 0, 2, 1002.23
1634548961, 356, 0, 2, 0, 0, 0.00%, 0, 0, 2, 1003.54
1634548966, 366, 1, 2, 0, 0, 0.00%, 0, 0, 2, 1000.05
1634548971, 377, 0, 2, 0, 0, 0.00%, 0, 0, 2, 1002.70
1634548976, 387, 1, 2, 0, 0, 0.00%, 0, 0, 2, 983.67
1634548981, 397, 1, 2, 0, 0, 0.00%, 0, 0, 2, 983.40
1634548986, 408, 1, 2, 0, 0, 0.00%, 0, 0, 2, 1000.77
1634548991, 418, 1, 2, 0, 0, 0.00%, 0, 0, 2, 1006.39
1634548996, 429, 1, 2, 0, 0, 0.00%, 0, 0, 2, 1008.17
1634549001, 440, 0, 2, 0, 0, 0.00%, 0, 0, 2, 998.41
1634549006, 450, 1, 2, 0, 0, 0.00%, 0, 0, 2, 1002.44
1634549011, 461, 0, 2, 0, 0, 0.00%, 0, 0, 2, 1007.67
1634549016, 471, 1, 2, 0, 0, 0.00%, 0, 0, 2, 1000.65
1634549021, 482, 1, 2, 0, 0, 0.00%, 0, 0, 2, 999.92
1634549026, 493, 0, 2, 0, 0, 0.00%, 0, 0, 2, 1009.09
1634549031, 503, 1, 2, 0, 0, 0.00%, 0, 0, 2, 989.66
1634549036, 514, 0, 2, 0, 0, 0.00%, 0, 0, 2, 998.11
1634549041, 524, 1, 2, 0, 0, 0.00%, 0, 0, 2, 998.11
1634549047, 535, 1, 2, 0, 0, 0.00%, 0, 0, 2, 998.40
1634549052, 545, 1, 2, 0, 0, 0.00%, 0, 0, 2, 1001.78
1634549057, 556, 1, 2, 0, 0, 0.00%, 0, 0, 2, 1007.37
1634549062, 567, 0, 2, 0, 0, 0.00%, 0, 0, 2, 1002.80
1634549067, 577, 1, 2, 0, 0, 0.00%, 0, 0, 2, 1001.41
1634549072, 588, 1, 2, 0, 0, 0.00%, 0, 0, 2, 1002.68
1634549077, 598, 1, 2, 0, 0, 0.00%, 0, 0, 2, 996.43
1634549082, 609, 1, 2, 0, 0, 0.00%, 0, 0, 2, 1001.33
1634549087, 620, 1, 2, 0, 0, 0.00%, 0, 0, 2, 1004.36
1634549092, 630, 1, 2, 0, 0, 0.00%, 0, 0, 2, 1000.16
1634549097, 641, 0, 2, 0, 0, 0.00%, 0, 0, 2, 993.98
1634549102, 651, 1, 2, 0, 0, 0.00%, 0, 0, 2, 980.91
1634549107, 661, 1, 2, 0, 0, 0.00%, 0, 0, 2, 987.15
1634549112, 672, 1, 2, 0, 0, 0.00%, 0, 0, 2, 1003.47
1634549117, 683, 0, 2, 0, 0, 0.00%, 0, 0, 2, 1005.03
1634549123, 693, 1, 2, 0, 0, 0.00%, 0, 0, 2, 1011.68
1634549128, 704, 1, 2, 0, 0, 0.00%, 0, 0, 2, 1007.92
1634549133, 715, 1, 2, 0, 0, 0.00%, 0, 0, 2, 1003.53
1634549138, 725, 1, 2, 0, 0, 0.00%, 0, 0, 2, 1003.94
1634549143, 736, 1, 2, 0, 0, 0.00%, 0, 0, 2, 1006.87
1634549148, 747, 0, 2, 0, 0, 0.00%, 0, 0, 2, 996.12
1634549153, 757, 1, 2, 0, 0, 0.00%, 0, 0, 2, 1001.51
1634549158, 768, 0, 2, 0, 0, 0.00%, 0, 0, 2, 1002.62
1634549163, 778, 1, 2, 0, 0, 0.00%, 0, 0, 2, 998.69
1634549168, 789, 1, 2, 0, 0, 0.00%, 0, 0, 2, 1007.92
1634549173, 799, 1, 2, 0, 0, 0.00%, 0, 0, 2, 998.29
1634549178, 810, 0, 2, 0, 0, 0.00%, 0, 0, 2, 999.25
1634549183, 820, 1, 2, 0, 0, 0.00%, 0, 0, 2, 1003.21
1634549188, 831, 1, 2, 0, 0, 0.00%, 0, 0, 2, 998.20
1634549193, 841, 1, 2, 0, 0, 0.00%, 0, 0, 2, 998.22
1634549198, 852, 1, 2, 0, 0, 0.00%, 0, 0, 2, 1004.85
1634549204, 863, 0, 2, 0, 0, 0.00%, 0, 0, 2, 1002.92
1634549209, 873, 1, 2, 0, 0, 0.00%, 0, 0, 2, 998.84
1634549214, 884, 0, 2, 0, 0, 0.00%, 0, 0, 2, 1002.01
1634549219, 894, 1, 2, 0, 0, 0.00%, 0, 0, 2, 999.98
1634549224, 905, 0, 2, 0, 0, 0.00%, 0, 0, 2, 999.10
1634549229, 915, 1, 2, 0, 0, 0.00%, 0, 0, 2, 991.53
1634549234, 925, 1, 2, 0, 0, 0.00%, 0, 0, 2, 995.79
1634549239, 936, 1, 2, 0, 0, 0.00%, 0, 0, 2, 1001.04
1634549244, 947, 1, 2, 0, 0, 0.00%, 0, 0, 2, 1004.86
1634549249, 957, 1, 2, 0, 0, 0.00%, 0, 0, 2, 983.74
1634549254, 968, 0, 2, 0, 0, 0.00%, 0, 0, 2, 1001.72
1634549259, 978, 1, 2, 0, 0, 0.00%, 0, 0, 2, 1003.53
1634549264, 989, 1, 2, 0, 0, 0.00%, 0, 0, 2, 1003.22
1634549269, 999, 1, 2, 0, 0, 0.00%, 0, 0, 2, 1001.92
1634549274, 1010, 1, 2, 0, 0, 0.00%, 0, 0, 2, 1005.43
1634549279, 1020, 1, 2, 0, 0, 0.00%, 0, 0, 2, 996.66
1634549284, 1031, 1, 2, 0, 0, 0.00%, 0, 0, 2, 996.86
1634549290, 1041, 1, 2, 0, 0, 0.00%, 0, 0, 2, 1003.22
1634549295, 1052, 1, 2, 0, 0, 0.00%, 0, 0, 2, 1000.83
1634549300, 1063, 0, 2, 0, 0, 0.00%, 0, 0, 2, 1005.51
1634549305, 1073, 1, 2, 0, 0, 0.00%, 0, 0, 2, 1000.03
1634549310, 1084, 1, 2, 0, 0, 0.00%, 0, 0, 2, 999.84
1634549315, 1094, 1, 2, 0, 0, 0.00%, 0, 0, 2, 990.96
1634549320, 1105, 1, 2, 0, 0, 0.00%, 0, 0, 2, 998.43
1634549325, 1115, 1, 2, 0, 0, 0.00%, 0, 0, 2, 1005.97
1634549330, 1126, 1, 2, 0, 0, 0.00%, 0, 0, 2, 1002.52
1634549335, 1137, 0, 2, 0, 0, 0.00%, 0, 0, 2, 1007.35
1634549340, 1147, 1, 2, 0, 0, 0.00%, 0, 0, 2, 999.84
1634549345, 1158, 0, 2, 0, 0, 0.00%, 0, 0, 2, 1003.76
1634549350, 1168, 1, 2, 0, 0, 0.00%, 0, 0, 2, 1006.57
1634549355, 1179, 0, 2, 0, 0, 0.00%, 0, 0, 2, 986.43
1634549360, 1189, 1, 2, 0, 0, 0.00%, 0, 0, 2, 1006.74
1634549366, 1200, 1, 2, 0, 0, 0.00%, 0, 0, 2, 999.48
1634549371, 1211, 0, 2, 0, 0, 0.00%, 0, 0, 2, 1006.38
1634549376, 1221, 1, 2, 0, 0, 0.00%, 0, 0, 2, 1004.38
1634549381, 1232, 0, 2, 0, 0, 0.00%, 0, 0, 2, 995.50
1634549386, 1243, 0, 2, 0, 0, 0.00%, 0, 0, 2, 1002.39
