# unix_time, cycles_done, cur_path, paths_total, pending_total, pending_favs, map_size, unique_crashes, unique_hangs, max_depth, execs_per_sec
1628896759, 0, 0, 1, 1, 1, 0.02%, 0, 0, 1, 31.75
1628896765, 0, 0, 7, 7, 1, 0.04%, 0, 0, 2, 376.63
1628896770, 0, 1, 10, 9, 7, 0.05%, 0, 0, 3, 519.66
1628896780, 0, 2, 10, 8, 7, 0.05%, 0, 0, 3, 414.77
1628896785, 0, 3, 10, 7, 6, 0.05%, 0, 0, 3, 534.17
1628896795, 0, 5, 10, 6, 5, 0.05%, 0, 0, 3, 555.27
1628896800, 0, 6, 11, 6, 4, 0.06%, 0, 0, 3, 581.78
1628896811, 0, 7, 11, 5, 4, 0.06%, 0, 0, 3, 580.28
1628896816, 0, 8, 14, 7, 3, 0.06%, 0, 0, 3, 571.60
1628896826, 0, 9, 14, 6, 5, 0.06%, 0, 0, 3, 599.08
1628896831, 0, 10, 15, 6, 4, 0.07%, 0, 0, 4, 585.56
1628896841, 0, 11, 16, 6, 4, 0.07%, 0, 0, 4, 560.43
1628896846, 0, 12, 16, 5, 4, 0.07%, 0, 0, 4, 578.76
1628896856, 0, 12, 22, 11, 4, 0.09%, 0, 0, 4, 552.61
1628896861, 0, 13, 23, 11, 5, 0.10%, 0, 0, 4, 581.73
1628896872, 0, 14, 23, 10, 4, 0.10%, 0, 0, 4, 582.43
1628896877, 0, 15, 24, 10, 3, 0.10%, 0, 0, 5, 602.04
1628896882, 0, 15, 25, 11, 3, 0.10%, 0, 0, 5, 608.45
1628896887, 0, 21, 26, 11, 5, 0.11%, 0, 0, 5, 583.25
1628896892, 0, 21, 27, 12, 5, 0.12%, 0, 0, 5, 582.78
1628896897, 0, 22, 27, 11, 4, 0.12%, 0, 0, 5, 583.19
1628896922, 0, 24, 27, 10, 3, 0.12%, 0, 0, 5, 579.77
1628896928, 0, 25, 27, 9, 2, 0.12%, 0, 0, 5, 630.63
1628896943, 0, 26, 27, 8, 1, 0.12%, 0, 0, 5, 599.89
1628896953, 1, 18, 27, 7, 0, 0.12%, 0, 0, 5, 597.22
1628896963, 1, 27, 28, 7, 1, 0.12%, 0, 0, 6, 590.16
1628896968, 1, 27, 29, 8, 1, 0.12%, 0, 0, 7, 543.92
1628896994, 1, 28, 29, 7, 1, 0.12%, 0, 0, 7, 558.39
1628897024, 3, 14, 29, 6, 0, 0.12%, 0, 0, 7, 599.36
1628897029, 3, 17, 29, 6, 0, 0.12%, 0, 0, 7, 564.39
1628897040, 3, 22, 29, 5, 0, 0.12%, 0, 0, 7, 574.09
1628897045, 3, 23, 29, 5, 0, 0.12%, 0, 0, 7, 623.28
1628897050, 3, 28, 29, 4, 0, 0.12%, 0, 0, 7, 621.91
1628897055, 4, 24, 29, 4, 0, 0.12%, 0, 0, 7, 623.40
1628897060, 5, 4, 29, 4, 0, 0.12%, 0, 0, 7, 619.43
1628897065, 5, 7, 29, 3, 0, 0.12%, 0, 0, 7, 622.09
1628897070, 5, 20, 29, 3, 0, 0.12%, 0, 0, 7, 598.24
1628897080, 5, 25, 29, 2, 0, 0.12%, 0, 0, 7, 598.34
1628897085, 6, 15, 29, 2, 0, 0.12%, 0, 0, 7, 609.50
1628897090, 6, 19, 29, 2, 0, 0.12%, 0, 0, 7, 592.77
1628897100, 6, 26, 29, 1, 0, 0.12%, 0, 0, 7, 605.61
1628897106, 7, 22, 29, 1, 0, 0.12%, 0, 0, 7, 590.60
1628897111, 8, 14, 29, 1, 0, 0.12%, 0, 0, 7, 654.08
1628897116, 8, 16, 29, 1, 0, 0.12%, 0, 0, 7, 586.46
1628897126, 8, 25, 29, 0, 0, 0.12%, 0, 0, 7, 594.96
1628897131, 9, 15, 29, 0, 0, 0.12%, 0, 0, 7, 612.64
1628897136, 10, 6, 29, 0, 0, 0.12%, 0, 0, 7, 618.09
1628897141, 10, 28, 29, 0, 0, 0.12%, 0, 0, 7, 630.96
1628897146, 11, 24, 29, 0, 0, 0.12%, 0, 0, 7, 631.06
1628897151, 12, 15, 29, 0, 0, 0.12%, 0, 0, 7, 661.64
1628897157, 13, 9, 29, 0, 0, 0.12%, 0, 0, 7, 660.25
1628897162, 13, 28, 29, 0, 0, 0.12%, 0, 0, 7, 610.41
1628897167, 14, 25, 29, 0, 0, 0.12%, 0, 0, 7, 650.69
1628897172, 15, 18, 29, 0, 0, 0.12%, 0, 0, 7, 637.51
1628897177, 16, 6, 29, 0, 0, 0.12%, 0, 0, 7, 613.11
1628897183, 16, 26, 29, 0, 0, 0.12%, 0, 0, 7, 640.80
1628897188, 17, 24, 29, 0, 0, 0.12%, 0, 0, 7, 660.46
1628897193, 18, 15, 29, 0, 0, 0.12%, 0, 0, 7, 661.90
1628897198, 19, 7, 29, 0, 0, 0.12%, 0, 0, 7, 641.07
1628897203, 19, 26, 29, 0, 0, 0.12%, 0, 0, 7, 627.31
1628897208, 20, 24, 29, 0, 0, 0.12%, 0, 0, 7, 622.80
1628897213, 21, 15, 29, 0, 0, 0.12%, 0, 0, 7, 640.52
1628897219, 22, 6, 29, 0, 0, 0.12%, 0, 0, 7, 627.39
1628897224, 22, 26, 29, 0, 0, 0.12%, 0, 0, 7, 593.68
1628897229, 23, 18, 29, 0, 0, 0.12%, 0, 0, 7, 613.07
1628897234, 24, 9, 29, 0, 0, 0.12%, 0, 0, 7, 593.63
1628897239, 24, 25, 29, 0, 0, 0.12%, 0, 0, 7, 589.03
1628897244, 25, 14, 29, 0, 0, 0.12%, 0, 0, 7, 602.03
1628897249, 26, 2, 29, 0, 0, 0.12%, 0, 0, 7, 603.33
1628897255, 26, 23, 29, 0, 0, 0.12%, 0, 0, 7, 590.08
1628897260, 27, 9, 29, 0, 0, 0.12%, 0, 0, 7, 575.02
1628897265, 27, 28, 29, 0, 0, 0.12%, 0, 0, 7, 616.84
1628897270, 28, 14, 29, 0, 0, 0.12%, 0, 0, 7, 289.89
1628897275, 28, 25, 29, 0, 0, 0.12%, 0, 0, 7, 539.62
1628897280, 29, 12, 29, 0, 0, 0.12%, 0, 0, 7, 566.63
1628897285, 29, 26, 29, 0, 0, 0.12%, 0, 0, 7, 601.95
1628897290, 30, 22, 29, 0, 0, 0.12%, 0, 0, 7, 579.43
1628897295, 31, 7, 29, 0, 0, 0.12%, 0, 0, 7, 567.11
1628897300, 31, 26, 29, 0, 0, 0.12%, 0, 0, 7, 565.62
1628897306, 32, 22, 29, 0, 0, 0.12%, 0, 0, 7, 604.16
1628897311, 33, 7, 29, 0, 0, 0.12%, 0, 0, 7, 580.38
1628897316, 33, 26, 29, 0, 0, 0.12%, 0, 0, 7, 561.01
1628897321, 34, 15, 29, 0, 0, 0.12%, 0, 0, 7, 547.73
1628897326, 35, 5, 29, 0, 0, 0.12%, 0, 0, 7, 570.67
1628897331, 35, 22, 29, 0, 0, 0.12%, 0, 0, 7, 585.28
1628897336, 36, 8, 29, 0, 0, 0.12%, 0, 0, 7, 593.89
1628897341, 36, 26, 29, 0, 0, 0.12%, 0, 0, 7, 600.94
1628897346, 37, 22, 29, 0, 0, 0.12%, 0, 0, 7, 588.44
1628897352, 38, 8, 29, 0, 0, 0.12%, 0, 0, 7, 568.06
1628897357, 38, 26, 29, 0, 0, 0.12%, 0, 0, 7, 606.44
1628897362, 39, 18, 29, 0, 0, 0.12%, 0, 0, 7, 534.91
1628897367, 39, 28, 29, 0, 0, 0.12%, 0, 0, 7, 470.82
1628897372, 40, 18, 29, 0, 0, 0.12%, 0, 0, 7, 451.85
1628897377, 40, 28, 29, 0, 0, 0.12%, 0, 0, 7, 441.71
1628897382, 41, 15, 29, 0, 0, 0.12%, 0, 0, 7, 444.88
1628897387, 41, 28, 29, 0, 0, 0.12%, 0, 0, 7, 451.18
1628897392, 42, 15, 29, 0, 0, 0.12%, 0, 0, 7, 434.11
1628897398, 42, 28, 29, 0, 0, 0.12%, 0, 0, 7, 424.18
1628897403, 43, 18, 29, 0, 0, 0.12%, 0, 0, 7, 454.07
1628897408, 43, 28, 29, 0, 0, 0.12%, 0, 0, 7, 429.71
1628897413, 44, 15, 29, 0, 0, 0.12%, 0, 0, 7, 431.78
1628897418, 44, 26, 29, 0, 0, 0.12%, 0, 0, 7, 405.42
1628897423, 45, 15, 29, 0, 0, 0.12%, 0, 0, 7, 431.91
1628897428, 45, 26, 29, 0, 0, 0.12%, 0, 0, 7, 426.47
1628897433, 46, 15, 29, 0, 0, 0.12%, 0, 0, 7, 415.40
1628897439, 46, 25, 29, 0, 0, 0.12%, 0, 0, 7, 419.35
1628897444, 47, 7, 29, 0, 0, 0.12%, 0, 0, 7, 389.18
1628897449, 47, 24, 29, 0, 0, 0.12%, 0, 0, 7, 447.08
1628897454, 48, 7, 29, 0, 0, 0.12%, 0, 0, 7, 439.96
1628897459, 48, 24, 29, 0, 0, 0.12%, 0, 0, 7, 427.69
1628897464, 49, 6, 29, 0, 0, 0.12%, 0, 0, 7, 427.67
1628897469, 49, 22, 29, 0, 0, 0.12%, 0, 0, 7, 432.49
1628897474, 50, 6, 29, 0, 0, 0.12%, 0, 0, 7, 436.71
1628897479, 50, 22, 29, 0, 0, 0.12%, 0, 0, 7, 421.82
1628897484, 51, 2, 29, 0, 0, 0.12%, 0, 0, 7, 482.74
1628897489, 51, 22, 29, 0, 0, 0.12%, 0, 0, 7, 459.08
1628897495, 52, 2, 29, 0, 0, 0.12%, 0, 0, 7, 438.64
1628897500, 52, 21, 29, 0, 0, 0.12%, 0, 0, 7, 450.68
1628897505, 52, 28, 29, 0, 0, 0.12%, 0, 0, 7, 90.24
1628897510, 53, 15, 29, 0, 0, 0.12%, 0, 0, 7, 433.93
1628897515, 53, 25, 29, 0, 0, 0.12%, 0, 0, 7, 415.92
1628897520, 54, 7, 29, 0, 0, 0.12%, 0, 0, 7, 419.67
1628897525, 54, 25, 29, 0, 0, 0.12%, 0, 0, 7, 459.30
1628897530, 55, 9, 29, 0, 0, 0.12%, 0, 0, 7, 467.86
1628897535, 55, 26, 29, 0, 0, 0.12%, 0, 0, 7, 460.24
1628897540, 56, 14, 29, 0, 0, 0.12%, 0, 0, 7, 456.60
1628897546, 56, 25, 29, 0, 0, 0.12%, 0, 0, 7, 440.31
1628897551, 57, 9, 29, 0, 0, 0.12%, 0, 0, 7, 424.33
1628897556, 57, 25, 29, 0, 0, 0.12%, 0, 0, 7, 392.22
1628897561, 58, 6, 29, 0, 0, 0.12%, 0, 0, 7, 426.29
1628897566, 58, 20, 29, 0, 0, 0.12%, 0, 0, 7, 428.13
1628897571, 58, 26, 29, 0, 0, 0.12%, 0, 0, 7, 425.60
1628897576, 59, 15, 29, 0, 0, 0.12%, 0, 0, 7, 430.27
1628897581, 59, 28, 29, 0, 0, 0.12%, 0, 0, 7, 432.01
1628897586, 60, 15, 29, 0, 0, 0.12%, 0, 0, 7, 436.99
1628897591, 60, 28, 29, 0, 0, 0.12%, 0, 0, 7, 405.94
1628897596, 61, 14, 29, 0, 0, 0.12%, 0, 0, 7, 414.57
1628897601, 61, 26, 29, 0, 0, 0.12%, 0, 0, 7, 290.80
1628897607, 62, 15, 29, 0, 0, 0.12%, 0, 0, 7, 409.12
1628897612, 62, 27, 29, 0, 0, 0.12%, 0, 0, 7, 413.22
1628897617, 63, 11, 29, 0, 0, 0.12%, 0, 0, 7, 454.36
1628897622, 63, 25, 29, 0, 0, 0.12%, 0, 0, 7, 417.34
1628897627, 64, 7, 29, 0, 0, 0.12%, 0, 0, 7, 445.64
1628897632, 64, 24, 29, 0, 0, 0.12%, 0, 0, 7, 432.46
1628897637, 65, 7, 29, 0, 0, 0.12%, 0, 0, 7, 436.19
1628897642, 65, 22, 29, 0, 0, 0.12%, 0, 0, 7, 452.50
1628897647, 66, 2, 29, 0, 0, 0.12%, 0, 0, 7, 65.31
1628897653, 66, 18, 29, 0, 0, 0.12%, 0, 0, 7, 433.91
1628897658, 66, 28, 29, 0, 0, 0.12%, 0, 0, 7, 461.36
1628897663, 67, 15, 29, 0, 0, 0.12%, 0, 0, 7, 426.36
1628897668, 67, 25, 29, 0, 0, 0.12%, 0, 0, 7, 396.99
1628897673, 68, 9, 29, 0, 0, 0.12%, 0, 0, 7, 415.06
1628897678, 68, 24, 29, 0, 0, 0.12%, 0, 0, 7, 447.09
1628897683, 69, 5, 29, 0, 0, 0.12%, 0, 0, 7, 397.00
1628897688, 69, 19, 29, 0, 0, 0.12%, 0, 0, 7, 442.65
1628897693, 69, 26, 29, 0, 0, 0.12%, 0, 0, 7, 435.44
1628897698, 70, 9, 29, 0, 0, 0.12%, 0, 0, 7, 387.51
1628897703, 70, 24, 29, 0, 0, 0.12%, 0, 0, 7, 402.53
1628897708, 71, 9, 29, 0, 0, 0.12%, 0, 0, 7, 439.48
1628897713, 71, 25, 29, 0, 0, 0.12%, 0, 0, 7, 472.69
1628897718, 72, 14, 29, 0, 0, 0.12%, 0, 0, 7, 453.96
1628897724, 72, 25, 29, 0, 0, 0.12%, 0, 0, 7, 439.86
1628897729, 73, 14, 29, 0, 0, 0.12%, 0, 0, 7, 461.64
1628897734, 73, 25, 29, 0, 0, 0.12%, 0, 0, 7, 460.14
1628897739, 74, 9, 29, 0, 0, 0.12%, 0, 0, 7, 433.98
1628897744, 74, 25, 29, 0, 0, 0.12%, 0, 0, 7, 461.74
1628897749, 75, 6, 29, 0, 0, 0.12%, 0, 0, 7, 414.61
1628897754, 75, 23, 29, 0, 0, 0.12%, 0, 0, 7, 461.22
1628897759, 76, 5, 29, 0, 0, 0.12%, 0, 0, 7, 446.59
1628897764, 76, 18, 29, 0, 0, 0.12%, 0, 0, 7, 432.18
1628897769, 77, 2, 29, 0, 0, 0.12%, 0, 0, 7, 436.22
1628897774, 77, 22, 29, 0, 0, 0.12%, 0, 0, 7, 438.99
1628897779, 78, 5, 29, 0, 0, 0.12%, 0, 0, 7, 426.36
1628897785, 78, 22, 29, 0, 0, 0.12%, 0, 0, 7, 443.36
1628897790, 79, 6, 29, 0, 0, 0.12%, 0, 0, 7, 437.17
1628897795, 79, 18, 29, 0, 0, 0.12%, 0, 0, 7, 403.32
1628897800, 79, 28, 29, 0, 0, 0.12%, 0, 0, 7, 394.64
1628897805, 80, 14, 29, 0, 0, 0.12%, 0, 0, 7, 387.90
1628897810, 80, 25, 29, 0, 0, 0.12%, 0, 0, 7, 421.19
1628897815, 81, 9, 29, 0, 0, 0.12%, 0, 0, 7, 450.60
1628897821, 81, 25, 29, 0, 0, 0.12%, 0, 0, 7, 424.72
1628897826, 82, 7, 29, 0, 0, 0.12%, 0, 0, 7, 482.35
1628897831, 82, 25, 29, 0, 0, 0.12%, 0, 0, 7, 445.74
1628897836, 83, 8, 29, 0, 0, 0.12%, 0, 0, 7, 429.28
1628897841, 83, 24, 29, 0, 0, 0.12%, 0, 0, 7, 445.28
1628897846, 84, 6, 29, 0, 0, 0.12%, 0, 0, 7, 429.71
1628897851, 84, 22, 29, 0, 0, 0.12%, 0, 0, 7, 433.23
1628897856, 84, 28, 29, 0, 0, 0.12%, 0, 0, 7, 447.76
1628897861, 85, 18, 29, 0, 0, 0.12%, 0, 0, 7, 470.92
1628897867, 85, 27, 29, 0, 0, 0.12%, 0, 0, 7, 411.33
1628897872, 86, 14, 29, 0, 0, 0.12%, 0, 0, 7, 453.32
1628897877, 86, 26, 29, 0, 0, 0.12%, 0, 0, 7, 455.51
1628897882, 87, 15, 29, 0, 0, 0.12%, 0, 0, 7, 429.77
1628897887, 87, 28, 29, 0, 0, 0.12%, 0, 0, 7, 451.45
1628897892, 88, 15, 29, 0, 0, 0.12%, 0, 0, 7, 447.45
1628897897, 88, 28, 29, 0, 0, 0.12%, 0, 0, 7, 421.91
1628897902, 89, 15, 29, 0, 0, 0.12%, 0, 0, 7, 417.61
1628897908, 89, 25, 29, 0, 0, 0.12%, 0, 0, 7, 420.80
1628897913, 90, 7, 29, 0, 0, 0.12%, 0, 0, 7, 436.08
1628897918, 90, 24, 29, 0, 0, 0.12%, 0, 0, 7, 450.53
1628897923, 91, 7, 29, 0, 0, 0.12%, 0, 0, 7, 438.40
1628897928, 91, 24, 29, 0, 0, 0.12%, 0, 0, 7, 432.45
1628897933, 92, 6, 29, 0, 0, 0.12%, 0, 0, 7, 430.62
1628897938, 92, 25, 29, 0, 0, 0.12%, 0, 0, 7, 473.72
1628897944, 93, 14, 29, 0, 0, 0.12%, 0, 0, 7, 478.14
1628897949, 93, 22, 29, 0, 0, 0.12%, 0, 0, 7, 523.24
1628897954, 94, 2, 29, 0, 0, 0.12%, 0, 0, 7, 468.17
1628897959, 94, 17, 29, 0, 0, 0.12%, 0, 0, 7, 419.10
