# unix_time, cycles_done, cur_path, paths_total, pending_total, pending_favs, map_size, unique_crashes, unique_hangs, max_depth, execs_per_sec
1628152490, 0, 0, 1, 1, 1, 0.00%, 0, 0, 1, 24.84
1628152496, 21, 0, 3, 2, 0, 0.01%, 0, 0, 2, 404.35
1628152501, 21, 2, 11, 10, 3, 0.04%, 0, 0, 3, 493.29
1628152516, 21, 2, 13, 12, 3, 0.04%, 0, 0, 3, 589.69
1628152521, 21, 2, 14, 13, 3, 0.04%, 0, 0, 3, 641.74
1628152526, 21, 4, 14, 12, 8, 0.04%, 0, 0, 3, 640.32
1628152541, 21, 5, 15, 12, 7, 0.04%, 0, 0, 3, 653.87
1628152562, 21, 5, 17, 14, 7, 0.04%, 0, 0, 3, 654.85
1628152567, 21, 6, 17, 13, 7, 0.04%, 0, 0, 3, 666.77
1628152582, 21, 7, 17, 12, 6, 0.04%, 0, 0, 3, 684.24
1628152597, 21, 7, 18, 13, 6, 0.04%, 0, 0, 4, 685.37
1628152602, 21, 8, 19, 13, 5, 0.04%, 0, 0, 4, 650.27
1628152618, 21, 8, 20, 14, 5, 0.04%, 0, 0, 4, 690.68
1628152623, 21, 9, 23, 16, 4, 0.04%, 0, 0, 4, 685.55
1628152638, 21, 10, 25, 17, 3, 0.04%, 0, 0, 4, 662.89
1628152658, 21, 13, 26, 17, 3, 0.04%, 0, 0, 4, 707.10
1628152673, 21, 16, 27, 17, 2, 0.04%, 0, 0, 4, 658.65
1628152699, 21, 16, 28, 18, 2, 0.04%, 0, 0, 4, 657.54
1628152704, 21, 25, 29, 18, 1, 0.04%, 0, 0, 5, 647.44
1628152739, 21, 25, 31, 20, 1, 0.04%, 0, 0, 5, 644.52
1628152755, 21, 26, 31, 19, 0, 0.04%, 0, 0, 5, 667.40
1628152795, 21, 26, 33, 21, 0, 0.04%, 0, 0, 5, 636.91
1628152806, 22, 1, 33, 20, 0, 0.04%, 0, 0, 5, 641.54
1628152821, 22, 9, 33, 19, 0, 0.04%, 0, 0, 5, 679.11
1628152826, 22, 12, 33, 19, 0, 0.04%, 0, 0, 5, 661.25
1628152851, 22, 25, 33, 18, 0, 0.04%, 0, 0, 5, 649.98
1628152856, 23, 10, 33, 18, 0, 0.04%, 0, 0, 5, 675.15
1628152861, 23, 14, 34, 19, 0, 0.04%, 0, 0, 5, 680.90
1628152887, 23, 17, 36, 20, 0, 0.04%, 0, 0, 5, 669.78
1628152912, 23, 20, 36, 19, 0, 0.04%, 0, 0, 5, 653.42
1628152953, 23, 21, 36, 18, 0, 0.04%, 0, 0, 5, 637.23
1628152988, 23, 25, 36, 17, 0, 0.04%, 0, 0, 5, 666.27
1628152993, 23, 27, 36, 17, 0, 0.04%, 0, 0, 5, 673.73
1628153024, 23, 29, 36, 16, 0, 0.04%, 0, 0, 5, 683.36
1628153059, 23, 29, 37, 17, 0, 0.04%, 0, 0, 6, 635.83
1628153064, 24, 11, 37, 16, 0, 0.04%, 0, 0, 6, 684.58
1628153090, 24, 17, 37, 15, 0, 0.04%, 0, 0, 6, 672.78
1628153095, 24, 20, 38, 16, 0, 0.04%, 0, 0, 6, 570.52
1628153100, 24, 22, 42, 20, 0, 0.04%, 0, 0, 6, 647.77
1628153146, 24, 22, 43, 21, 0, 0.04%, 0, 0, 6, 514.56
1628153151, 24, 22, 45, 23, 0, 0.04%, 0, 0, 6, 426.08
1628153156, 24, 25, 46, 23, 0, 0.04%, 0, 0, 6, 74.50
1628153166, 24, 30, 46, 23, 0, 0.04%, 0, 0, 6, 606.61
1628153207, 24, 30, 47, 24, 0, 0.04%, 0, 0, 6, 589.13
1628153212, 24, 30, 48, 25, 0, 0.04%, 0, 0, 6, 562.72
1628153217, 24, 30, 50, 27, 0, 0.04%, 0, 0, 6, 533.73
1628153222, 24, 30, 51, 28, 0, 0.04%, 0, 0, 6, 76.42
1628153227, 24, 49, 51, 27, 1, 0.04%, 0, 0, 6, 611.45
1628153263, 25, 0, 51, 26, 0, 0.04%, 0, 0, 6, 597.93
1628153268, 25, 6, 51, 26, 0, 0.04%, 0, 0, 6, 480.11
1628153273, 25, 7, 52, 27, 0, 0.04%, 0, 0, 6, 77.35
1628153278, 25, 10, 52, 27, 0, 0.04%, 0, 0, 6, 625.35
1628153283, 25, 13, 53, 28, 0, 0.04%, 0, 0, 6, 208.39
1628153288, 25, 17, 53, 28, 0, 0.04%, 0, 0, 6, 455.25
1628153293, 25, 18, 53, 28, 0, 0.04%, 0, 0, 6, 609.19
1628153329, 25, 19, 53, 27, 0, 0.04%, 0, 0, 6, 624.82
1628153369, 25, 25, 53, 26, 0, 0.04%, 0, 0, 6, 384.28
1628153375, 25, 37, 54, 27, 0, 0.04%, 0, 0, 6, 79.78
