# unix_time, cycles_done, cur_path, paths_total, pending_total, pending_favs, map_size, unique_crashes, unique_hangs, max_depth, execs_per_sec
1628197702, 0, 0, 1, 1, 1, 0.02%, 0, 0, 1, 75.47
1628197707, 0, 0, 14, 14, 1, 0.04%, 0, 0, 2, 455.95
1628197712, 0, 0, 23, 23, 1, 0.05%, 0, 0, 2, 615.90
1628197717, 0, 0, 25, 25, 1, 0.05%, 0, 0, 2, 613.30
1628197737, 0, 5, 25, 24, 8, 0.05%, 0, 0, 2, 671.95
1628197743, 0, 9, 25, 23, 7, 0.05%, 0, 0, 2, 671.38
1628197753, 0, 10, 28, 25, 6, 0.06%, 0, 0, 3, 672.27
1628197758, 0, 14, 29, 25, 6, 0.06%, 0, 0, 3, 674.31
1628197763, 0, 14, 31, 27, 6, 0.06%, 0, 0, 3, 674.28
1628197768, 0, 15, 36, 31, 6, 0.06%, 0, 0, 3, 669.81
1628197773, 0, 21, 36, 30, 8, 0.06%, 0, 0, 3, 662.28
1628197778, 0, 25, 37, 30, 7, 0.06%, 0, 0, 4, 666.70
1628197783, 0, 25, 39, 32, 7, 0.06%, 0, 0, 4, 667.87
1628197788, 0, 26, 41, 33, 7, 0.07%, 0, 0, 4, 667.08
1628197793, 0, 27, 42, 33, 7, 0.07%, 0, 0, 4, 650.16
1628197798, 0, 27, 43, 34, 7, 0.07%, 0, 0, 4, 648.05
1628197803, 0, 28, 43, 33, 6, 0.07%, 0, 0, 4, 654.44
1628197808, 0, 31, 44, 33, 5, 0.07%, 0, 0, 4, 659.72
1628197813, 0, 31, 47, 36, 5, 0.08%, 0, 0, 4, 642.20
1628197818, 0, 31, 51, 40, 5, 0.10%, 0, 0, 4, 651.67
1628197824, 0, 31, 55, 44, 5, 0.11%, 0, 0, 4, 652.86
1628197829, 0, 31, 56, 45, 5, 0.11%, 0, 0, 4, 660.82
1628197834, 0, 33, 56, 44, 6, 0.11%, 0, 0, 4, 656.70
1628197839, 0, 36, 56, 43, 5, 0.11%, 0, 0, 4, 686.27
1628197844, 0, 40, 56, 42, 4, 0.11%, 0, 0, 4, 678.79
1628197854, 0, 50, 61, 46, 3, 0.12%, 0, 0, 5, 660.54
1628197874, 0, 50, 81, 66, 3, 0.12%, 0, 0, 5, 632.30
1628197879, 0, 50, 84, 69, 3, 0.12%, 0, 0, 5, 628.08
1628197884, 0, 50, 86, 71, 3, 0.12%, 0, 0, 5, 627.76
1628197890, 0, 50, 91, 76, 3, 0.12%, 0, 0, 5, 629.38
1628197895, 0, 50, 92, 77, 3, 0.12%, 0, 0, 5, 554.44
1628197900, 0, 56, 94, 78, 5, 0.12%, 0, 0, 6, 570.79
1628197915, 0, 56, 99, 83, 5, 0.12%, 0, 0, 6, 610.99
1628197920, 0, 56, 100, 84, 5, 0.12%, 0, 0, 6, 631.94
1628197930, 0, 56, 101, 85, 5, 0.12%, 0, 0, 6, 619.34
1628197940, 0, 61, 101, 84, 5, 0.12%, 0, 0, 6, 616.59
1628197956, 0, 76, 101, 83, 4, 0.12%, 0, 0, 6, 612.20
1628197966, 0, 78, 103, 84, 3, 0.12%, 0, 0, 6, 620.34
1628197996, 0, 89, 103, 83, 3, 0.12%, 0, 0, 6, 648.54
1628198007, 0, 92, 103, 82, 2, 0.12%, 0, 0, 6, 660.32
1628198022, 0, 102, 104, 82, 1, 0.12%, 0, 0, 7, 630.20
1628198052, 0, 103, 104, 81, 1, 0.12%, 0, 0, 7, 616.87
1628198078, 0, 103, 105, 82, 1, 0.12%, 0, 0, 8, 619.65
1628198083, 1, 19, 105, 81, 0, 0.12%, 0, 0, 8, 617.95
1628198093, 1, 20, 105, 80, 0, 0.12%, 0, 0, 8, 627.60
1628198104, 1, 22, 105, 79, 0, 0.12%, 0, 0, 8, 616.63
1628198119, 1, 35, 106, 79, 0, 0.12%, 0, 0, 8, 603.41
1628198124, 1, 38, 106, 78, 0, 0.12%, 0, 0, 8, 603.58
1628198134, 1, 44, 107, 78, 0, 0.12%, 0, 0, 8, 639.57
1628198144, 1, 44, 108, 79, 0, 0.12%, 0, 0, 8, 600.66
1628198149, 1, 45, 108, 78, 0, 0.12%, 0, 0, 8, 633.79
1628198154, 1, 46, 108, 77, 0, 0.12%, 0, 0, 8, 648.01
1628198169, 1, 54, 108, 76, 0, 0.12%, 0, 0, 8, 635.08
1628198180, 1, 57, 109, 76, 0, 0.12%, 0, 0, 8, 614.73
1628198205, 1, 60, 109, 75, 0, 0.12%, 0, 0, 8, 624.83
1628198225, 1, 71, 110, 75, 0, 0.12%, 0, 0, 8, 638.31
1628198256, 1, 71, 112, 77, 0, 0.12%, 0, 0, 8, 628.17
1628198266, 1, 71, 113, 78, 0, 0.12%, 0, 0, 8, 652.14
1628198271, 1, 71, 114, 79, 0, 0.12%, 0, 0, 8, 658.98
1628198276, 1, 74, 114, 78, 0, 0.12%, 0, 0, 8, 631.55
1628198296, 1, 80, 114, 77, 0, 0.12%, 0, 0, 8, 622.15
1628198332, 1, 80, 118, 81, 0, 0.12%, 0, 0, 8, 591.45
1628198337, 1, 80, 119, 82, 0, 0.12%, 0, 0, 8, 573.29
1628198352, 1, 81, 119, 81, 0, 0.12%, 0, 0, 8, 634.91
1628198373, 1, 84, 119, 80, 0, 0.12%, 0, 0, 8, 600.08
1628198403, 1, 87, 119, 79, 0, 0.12%, 0, 0, 8, 554.47
1628198444, 1, 87, 120, 80, 0, 0.12%, 0, 0, 8, 598.86
1628198449, 1, 96, 121, 80, 0, 0.12%, 0, 0, 8, 633.42
1628198464, 1, 100, 122, 80, 0, 0.12%, 0, 0, 8, 632.69
1628198470, 1, 121, 123, 80, 1, 0.12%, 0, 0, 8, 630.90
1628198480, 2, 1, 123, 79, 0, 0.12%, 0, 0, 8, 633.83
1628198485, 2, 6, 123, 78, 0, 0.12%, 0, 0, 8, 622.46
1628198490, 2, 7, 123, 77, 0, 0.12%, 0, 0, 8, 600.09
1628198500, 2, 11, 123, 76, 0, 0.12%, 0, 0, 8, 627.78
1628198505, 2, 11, 125, 78, 0, 0.12%, 0, 0, 8, 556.70
1628198510, 2, 17, 125, 77, 0, 0.12%, 0, 0, 8, 628.24
1628198516, 2, 37, 125, 76, 0, 0.12%, 0, 0, 8, 628.54
1628198521, 2, 40, 125, 75, 0, 0.12%, 0, 0, 8, 599.01
1628198526, 2, 42, 125, 75, 0, 0.12%, 0, 0, 8, 633.94
1628198531, 2, 47, 125, 74, 0, 0.12%, 0, 0, 8, 588.26
1628198541, 2, 48, 125, 73, 0, 0.12%, 0, 0, 8, 573.90
1628198556, 2, 49, 125, 72, 0, 0.12%, 0, 0, 8, 611.18
1628198567, 2, 51, 125, 71, 0, 0.12%, 0, 0, 8, 604.98
1628198577, 2, 53, 125, 70, 0, 0.12%, 0, 0, 8, 603.16
1628198587, 2, 59, 125, 69, 0, 0.12%, 0, 0, 8, 585.36
1628198612, 2, 72, 125, 68, 0, 0.12%, 0, 0, 8, 549.96
1628198628, 2, 75, 125, 67, 0, 0.12%, 0, 0, 8, 607.72
1628198648, 2, 77, 125, 66, 0, 0.12%, 0, 0, 8, 519.77
1628198689, 2, 79, 125, 65, 0, 0.12%, 0, 0, 8, 561.23
1628198709, 2, 95, 125, 64, 0, 0.12%, 0, 0, 8, 596.43
1628198729, 2, 95, 126, 65, 0, 0.12%, 0, 0, 8, 532.80
1628198734, 2, 95, 127, 66, 0, 0.12%, 0, 0, 8, 445.91
1628198739, 2, 98, 127, 65, 0, 0.12%, 0, 0, 8, 572.25
1628198760, 2, 98, 128, 66, 0, 0.12%, 0, 0, 8, 556.99
1628198765, 2, 103, 128, 65, 0, 0.12%, 0, 0, 8, 425.28
1628198770, 2, 111, 129, 66, 0, 0.12%, 0, 0, 8, 523.68
1628198795, 2, 111, 131, 68, 0, 0.12%, 0, 0, 8, 492.65
1628198800, 2, 111, 132, 69, 0, 0.12%, 0, 0, 8, 445.91
1628198820, 2, 112, 133, 69, 0, 0.12%, 0, 0, 8, 452.36
1628198871, 2, 116, 133, 68, 0, 0.12%, 0, 0, 8, 541.71
