# unix_time, cycles_done, cur_path, paths_total, pending_total, pending_favs, map_size, unique_crashes, unique_hangs, max_depth, execs_per_sec
1628201775, 0, 0, 1, 1, 1, 0.00%, 0, 0, 1, 79.21
1628201781, 19, 0, 1, 0, 0, 0.00%, 0, 0, 1, 675.71
1628201786, 49, 0, 1, 0, 0, 0.00%, 0, 0, 1, 715.80
1628201791, 75, 0, 1, 0, 0, 0.00%, 0, 0, 1, 659.33
1628201796, 101, 0, 1, 0, 0, 0.00%, 0, 0, 1, 648.58
1628201801, 128, 0, 1, 0, 0, 0.00%, 0, 0, 1, 647.51
1628201807, 153, 0, 1, 0, 0, 0.00%, 0, 0, 1, 642.33
1628201812, 179, 0, 1, 0, 0, 0.00%, 0, 0, 1, 645.33
1628201817, 205, 0, 1, 0, 0, 0.00%, 0, 0, 1, 642.85
1628201822, 231, 0, 1, 0, 0, 0.00%, 0, 0, 1, 651.40
1628201827, 257, 0, 1, 0, 0, 0.00%, 0, 0, 1, 670.47
1628201832, 284, 0, 1, 0, 0, 0.00%, 0, 0, 1, 701.39
1628201837, 311, 0, 1, 0, 0, 0.00%, 0, 0, 1, 672.87
1628201842, 337, 0, 1, 0, 0, 0.00%, 0, 0, 1, 654.30
1628201847, 365, 0, 1, 0, 0, 0.00%, 0, 0, 1, 674.01
1628201852, 391, 0, 1, 0, 0, 0.00%, 0, 0, 1, 644.83
1628201858, 416, 0, 1, 0, 0, 0.00%, 0, 0, 1, 627.10
1628201863, 443, 0, 1, 0, 0, 0.00%, 0, 0, 1, 659.53
1628201868, 468, 0, 1, 0, 0, 0.00%, 0, 0, 1, 651.73
1628201873, 494, 0, 1, 0, 0, 0.00%, 0, 0, 1, 647.49
1628201878, 519, 0, 1, 0, 0, 0.00%, 0, 0, 1, 645.11
1628201883, 546, 0, 1, 0, 0, 0.00%, 0, 0, 1, 671.69
1628201888, 572, 0, 1, 0, 0, 0.00%, 0, 0, 1, 665.26
1628201893, 598, 0, 1, 0, 0, 0.00%, 0, 0, 1, 658.40
1628201899, 624, 0, 1, 0, 0, 0.00%, 0, 0, 1, 644.69
1628201904, 649, 0, 1, 0, 0, 0.00%, 0, 0, 1, 633.02
1628201909, 675, 0, 1, 0, 0, 0.00%, 0, 0, 1, 668.96
1628201914, 702, 0, 1, 0, 0, 0.00%, 0, 0, 1, 682.14
1628201919, 730, 0, 1, 0, 0, 0.00%, 0, 0, 1, 691.19
1628201924, 756, 0, 1, 0, 0, 0.00%, 0, 0, 1, 654.86
1628201929, 782, 0, 1, 0, 0, 0.00%, 0, 0, 1, 658.16
1628201934, 808, 0, 1, 0, 0, 0.00%, 0, 0, 1, 647.32
1628201939, 833, 0, 1, 0, 0, 0.00%, 0, 0, 1, 629.08
1628201944, 858, 0, 1, 0, 0, 0.00%, 0, 0, 1, 624.45
1628201949, 882, 0, 1, 0, 0, 0.00%, 0, 0, 1, 625.45
1628201954, 908, 0, 1, 0, 0, 0.00%, 0, 0, 1, 647.77
1628201959, 933, 0, 1, 0, 0, 0.00%, 0, 0, 1, 635.22
1628201964, 958, 0, 1, 0, 0, 0.00%, 0, 0, 1, 648.62
1628201970, 984, 0, 1, 0, 0, 0.00%, 0, 0, 1, 643.63
1628201975, 1010, 0, 1, 0, 0, 0.00%, 0, 0, 1, 638.31
1628201980, 1035, 0, 1, 0, 0, 0.00%, 0, 0, 1, 641.90
1628201985, 1061, 0, 1, 0, 0, 0.00%, 0, 0, 1, 646.31
1628201990, 1088, 0, 1, 0, 0, 0.00%, 0, 0, 1, 673.12
1628201995, 1114, 0, 1, 0, 0, 0.00%, 0, 0, 1, 637.29
1628202000, 1139, 0, 1, 0, 0, 0.00%, 0, 0, 1, 631.65
1628202005, 1165, 0, 1, 0, 0, 0.00%, 0, 0, 1, 656.65
1628202011, 1192, 0, 1, 0, 0, 0.00%, 0, 0, 1, 669.65
1628202016, 1217, 0, 1, 0, 0, 0.00%, 0, 0, 1, 640.11
1628202021, 1242, 0, 1, 0, 0, 0.00%, 0, 0, 1, 629.69
1628202026, 1267, 0, 1, 0, 0, 0.00%, 0, 0, 1, 631.79
1628202031, 1294, 0, 1, 0, 0, 0.00%, 0, 0, 1, 651.44
1628202036, 1319, 0, 1, 0, 0, 0.00%, 0, 0, 1, 645.15
1628202041, 1344, 0, 1, 0, 0, 0.00%, 0, 0, 1, 632.64
1628202046, 1370, 0, 1, 0, 0, 0.00%, 0, 0, 1, 638.51
1628202051, 1397, 0, 1, 0, 0, 0.00%, 0, 0, 1, 653.90
1628202057, 1425, 0, 1, 0, 0, 0.00%, 0, 0, 1, 682.89
1628202062, 1453, 0, 1, 0, 0, 0.00%, 0, 0, 1, 687.50
1628202067, 1479, 0, 1, 0, 0, 0.00%, 0, 0, 1, 647.16
1628202072, 1503, 0, 1, 0, 0, 0.00%, 0, 0, 1, 629.64
1628202077, 1529, 0, 1, 0, 0, 0.00%, 0, 0, 1, 659.20
1628202082, 1556, 0, 1, 0, 0, 0.00%, 0, 0, 1, 660.75
1628202087, 1582, 0, 1, 0, 0, 0.00%, 0, 0, 1, 650.39
1628202093, 1608, 0, 1, 0, 0, 0.00%, 0, 0, 1, 638.51
1628202098, 1634, 0, 1, 0, 0, 0.00%, 0, 0, 1, 633.33
1628202103, 1662, 0, 1, 0, 0, 0.00%, 0, 0, 1, 673.54
1628202108, 1689, 0, 1, 0, 0, 0.00%, 0, 0, 1, 675.67
1628202113, 1717, 0, 1, 0, 0, 0.00%, 0, 0, 1, 706.07
1628202118, 1745, 0, 1, 0, 0, 0.00%, 0, 0, 1, 711.04
1628202123, 1771, 0, 1, 0, 0, 0.00%, 0, 0, 1, 664.67
1628202128, 1796, 0, 1, 0, 0, 0.00%, 0, 0, 1, 646.94
1628202134, 1822, 0, 1, 0, 0, 0.00%, 0, 0, 1, 646.21
1628202139, 1848, 0, 1, 0, 0, 0.00%, 0, 0, 1, 654.41
1628202144, 1875, 0, 1, 0, 0, 0.00%, 0, 0, 1, 673.28
1628202149, 1901, 0, 1, 0, 0, 0.00%, 0, 0, 1, 654.74
1628202154, 1926, 0, 1, 0, 0, 0.00%, 0, 0, 1, 636.90
1628202159, 1954, 0, 1, 0, 0, 0.00%, 0, 0, 1, 673.66
1628202164, 1983, 0, 1, 0, 0, 0.00%, 0, 0, 1, 703.31
1628202170, 2009, 0, 1, 0, 0, 0.00%, 0, 0, 1, 673.75
1628202175, 2035, 0, 1, 0, 0, 0.00%, 0, 0, 1, 665.64
1628202180, 2061, 0, 1, 0, 0, 0.00%, 0, 0, 1, 650.73
1628202185, 2088, 0, 1, 0, 0, 0.00%, 0, 0, 1, 646.11
1628202190, 2115, 0, 1, 0, 0, 0.00%, 0, 0, 1, 661.67
1628202195, 2141, 0, 1, 0, 0, 0.00%, 0, 0, 1, 662.58
1628202200, 2166, 0, 1, 0, 0, 0.00%, 0, 0, 1, 638.71
1628202205, 2192, 0, 1, 0, 0, 0.00%, 0, 0, 1, 641.05
1628202210, 2216, 0, 1, 0, 0, 0.00%, 0, 0, 1, 636.99
1628202215, 2242, 0, 1, 0, 0, 0.00%, 0, 0, 1, 651.69
1628202220, 2268, 0, 1, 0, 0, 0.00%, 0, 0, 1, 662.52
1628202225, 2293, 0, 1, 0, 0, 0.00%, 0, 0, 1, 647.31
1628202230, 2318, 0, 1, 0, 0, 0.00%, 0, 0, 1, 641.77
1628202235, 2343, 0, 1, 0, 0, 0.00%, 0, 0, 1, 642.15
1628202241, 2370, 0, 1, 0, 0, 0.00%, 0, 0, 1, 650.09
1628202246, 2395, 0, 1, 0, 0, 0.00%, 0, 0, 1, 646.55
1628202251, 2421, 0, 1, 0, 0, 0.00%, 0, 0, 1, 635.67
1628202256, 2447, 0, 1, 0, 0, 0.00%, 0, 0, 1, 644.76
1628202261, 2472, 0, 1, 0, 0, 0.00%, 0, 0, 1, 643.71
1628202266, 2495, 0, 1, 0, 0, 0.00%, 0, 0, 1, 583.45
1628202271, 2519, 0, 1, 0, 0, 0.00%, 0, 0, 1, 597.93
1628202276, 2545, 0, 1, 0, 0, 0.00%, 0, 0, 1, 631.14
1628202281, 2570, 0, 1, 0, 0, 0.00%, 0, 0, 1, 617.91
1628202287, 2596, 0, 1, 0, 0, 0.00%, 0, 0, 1, 639.47
1628202292, 2620, 0, 1, 0, 0, 0.00%, 0, 0, 1, 623.71
1628202297, 2646, 0, 1, 0, 0, 0.00%, 0, 0, 1, 657.37
1628202302, 2669, 0, 1, 0, 0, 0.00%, 0, 0, 1, 590.30
1628202307, 2693, 0, 1, 0, 0, 0.00%, 0, 0, 1, 610.83
1628202312, 2716, 0, 1, 0, 0, 0.00%, 0, 0, 1, 609.74
1628202317, 2739, 0, 1, 0, 0, 0.00%, 0, 0, 1, 589.27
1628202322, 2763, 0, 1, 0, 0, 0.00%, 0, 0, 1, 596.68
1628202327, 2787, 0, 1, 0, 0, 0.00%, 0, 0, 1, 609.21
1628202332, 2810, 0, 1, 0, 0, 0.00%, 0, 0, 1, 588.42
1628202337, 2834, 0, 1, 0, 0, 0.00%, 0, 0, 1, 610.57
1628202342, 2859, 0, 1, 0, 0, 0.00%, 0, 0, 1, 631.15
1628202347, 2885, 0, 1, 0, 0, 0.00%, 0, 0, 1, 636.97
1628202352, 2910, 0, 1, 0, 0, 0.00%, 0, 0, 1, 631.34
1628202357, 2934, 0, 1, 0, 0, 0.00%, 0, 0, 1, 620.25
1628202362, 2959, 0, 1, 0, 0, 0.00%, 0, 0, 1, 623.15
1628202367, 2984, 0, 1, 0, 0, 0.00%, 0, 0, 1, 629.01
1628202373, 3009, 0, 1, 0, 0, 0.00%, 0, 0, 1, 628.46
1628202378, 3033, 0, 1, 0, 0, 0.00%, 0, 0, 1, 581.78
1628202383, 3053, 0, 1, 0, 0, 0.00%, 0, 0, 1, 513.76
1628202388, 3071, 0, 1, 0, 0, 0.00%, 0, 0, 1, 484.99
1628202393, 3091, 0, 1, 0, 0, 0.00%, 0, 0, 1, 499.82
1628202398, 3112, 0, 1, 0, 0, 0.00%, 0, 0, 1, 531.34
1628202403, 3132, 0, 1, 0, 0, 0.00%, 0, 0, 1, 516.68
1628202408, 3152, 0, 1, 0, 0, 0.00%, 0, 0, 1, 510.85
1628202413, 3171, 0, 1, 0, 0, 0.00%, 0, 0, 1, 484.51
1628202418, 3191, 0, 1, 0, 0, 0.00%, 0, 0, 1, 492.53
1628202423, 3210, 0, 1, 0, 0, 0.00%, 0, 0, 1, 504.01
1628202428, 3231, 0, 1, 0, 0, 0.00%, 0, 0, 1, 507.94
1628202433, 3250, 0, 1, 0, 0, 0.00%, 0, 0, 1, 494.21
1628202438, 3270, 0, 1, 0, 0, 0.00%, 0, 0, 1, 506.95
1628202444, 3289, 0, 1, 0, 0, 0.00%, 0, 0, 1, 492.13
1628202449, 3308, 0, 1, 0, 0, 0.00%, 0, 0, 1, 476.78
1628202454, 3328, 0, 1, 0, 0, 0.00%, 0, 0, 1, 489.29
1628202459, 3347, 0, 1, 0, 0, 0.00%, 0, 0, 1, 485.08
1628202464, 3365, 0, 1, 0, 0, 0.00%, 0, 0, 1, 473.92
1628202469, 3386, 0, 1, 0, 0, 0.00%, 0, 0, 1, 506.88
1628202474, 3404, 0, 1, 0, 0, 0.00%, 0, 0, 1, 469.00
1628202479, 3423, 0, 1, 0, 0, 0.00%, 0, 0, 1, 487.44
1628202484, 3441, 0, 1, 0, 0, 0.00%, 0, 0, 1, 450.24
1628202489, 3460, 0, 1, 0, 0, 0.00%, 0, 0, 1, 471.15
1628202494, 3478, 0, 1, 0, 0, 0.00%, 0, 0, 1, 452.01
1628202499, 3498, 0, 1, 0, 0, 0.00%, 0, 0, 1, 488.27
1628202504, 3518, 0, 1, 0, 0, 0.00%, 0, 0, 1, 504.18
1628202510, 3536, 0, 1, 0, 0, 0.00%, 0, 0, 1, 483.91
1628202515, 3554, 0, 1, 0, 0, 0.00%, 0, 0, 1, 438.22
1628202520, 3572, 0, 1, 0, 0, 0.00%, 0, 0, 1, 452.86
1628202525, 3592, 0, 1, 0, 0, 0.00%, 0, 0, 1, 481.87
1628202530, 3611, 0, 1, 0, 0, 0.00%, 0, 0, 1, 497.01
1628202535, 3630, 0, 1, 0, 0, 0.00%, 0, 0, 1, 491.73
1628202540, 3650, 0, 1, 0, 0, 0.00%, 0, 0, 1, 500.68
1628202545, 3670, 0, 1, 0, 0, 0.00%, 0, 0, 1, 505.64
1628202550, 3690, 0, 1, 0, 0, 0.00%, 0, 0, 1, 500.73
1628202555, 3707, 0, 1, 0, 0, 0.00%, 0, 0, 1, 442.28
1628202560, 3727, 0, 1, 0, 0, 0.00%, 0, 0, 1, 498.73
1628202565, 3745, 0, 1, 0, 0, 0.00%, 0, 0, 1, 462.04
1628202570, 3763, 0, 1, 0, 0, 0.00%, 0, 0, 1, 453.03
1628202575, 3783, 0, 1, 0, 0, 0.00%, 0, 0, 1, 487.99
1628202581, 3801, 0, 1, 0, 0, 0.00%, 0, 0, 1, 457.50
1628202586, 3821, 0, 1, 0, 0, 0.00%, 0, 0, 1, 491.84
1628202591, 3840, 0, 1, 0, 0, 0.00%, 0, 0, 1, 471.81
1628202596, 3858, 0, 1, 0, 0, 0.00%, 0, 0, 1, 448.90
1628202601, 3878, 0, 1, 0, 0, 0.00%, 0, 0, 1, 502.13
1628202606, 3897, 0, 1, 0, 0, 0.00%, 0, 0, 1, 484.89
1628202611, 3917, 0, 1, 0, 0, 0.00%, 0, 0, 1, 500.27
1628202616, 3936, 0, 1, 0, 0, 0.00%, 0, 0, 1, 506.39
1628202621, 3956, 0, 1, 0, 0, 0.00%, 0, 0, 1, 500.76
1628202627, 3976, 0, 1, 0, 0, 0.00%, 0, 0, 1, 480.02
1628202632, 3997, 0, 1, 0, 0, 0.00%, 0, 0, 1, 520.18
1628202637, 4017, 0, 1, 0, 0, 0.00%, 0, 0, 1, 504.32
1628202642, 4037, 0, 1, 0, 0, 0.00%, 0, 0, 1, 509.71
1628202647, 4057, 0, 1, 0, 0, 0.00%, 0, 0, 1, 502.48
1628202652, 4077, 0, 1, 0, 0, 0.00%, 0, 0, 1, 505.80
1628202657, 4098, 0, 1, 0, 0, 0.00%, 0, 0, 1, 518.21
1628202662, 4117, 0, 1, 0, 0, 0.00%, 0, 0, 1, 493.57
1628202667, 4135, 0, 1, 0, 0, 0.00%, 0, 0, 1, 469.91
1628202672, 4154, 0, 1, 0, 0, 0.00%, 0, 0, 1, 496.93
1628202678, 4173, 0, 1, 0, 0, 0.00%, 0, 0, 1, 458.19
1628202683, 4192, 0, 1, 0, 0, 0.00%, 0, 0, 1, 478.92
1628202688, 4211, 0, 1, 0, 0, 0.00%, 0, 0, 1, 478.52
1628202693, 4231, 0, 1, 0, 0, 0.00%, 0, 0, 1, 502.77
1628202698, 4252, 0, 1, 0, 0, 0.00%, 0, 0, 1, 514.97
1628202703, 4271, 0, 1, 0, 0, 0.00%, 0, 0, 1, 502.43
1628202708, 4290, 0, 1, 0, 0, 0.00%, 0, 0, 1, 474.54
1628202713, 4309, 0, 1, 0, 0, 0.00%, 0, 0, 1, 501.36
1628202718, 4329, 0, 1, 0, 0, 0.00%, 0, 0, 1, 512.19
1628202723, 4349, 0, 1, 0, 0, 0.00%, 0, 0, 1, 527.11
1628202728, 4370, 0, 1, 0, 0, 0.00%, 0, 0, 1, 540.74
1628202733, 4390, 0, 1, 0, 0, 0.00%, 0, 0, 1, 504.44
1628202738, 4409, 0, 1, 0, 0, 0.00%, 0, 0, 1, 490.23
1628202744, 4428, 0, 1, 0, 0, 0.00%, 0, 0, 1, 458.76
1628202749, 4447, 0, 1, 0, 0, 0.00%, 0, 0, 1, 478.49
1628202754, 4467, 0, 1, 0, 0, 0.00%, 0, 0, 1, 486.15
1628202759, 4485, 0, 1, 0, 0, 0.00%, 0, 0, 1, 463.12
1628202764, 4503, 0, 1, 0, 0, 0.00%, 0, 0, 1, 483.73
1628202769, 4522, 0, 1, 0, 0, 0.00%, 0, 0, 1, 473.21
1628202774, 4541, 0, 1, 0, 0, 0.00%, 0, 0, 1, 489.19
1628202779, 4562, 0, 1, 0, 0, 0.00%, 0, 0, 1, 513.04
1628202784, 4582, 0, 1, 0, 0, 0.00%, 0, 0, 1, 498.15
1628202789, 4597, 0, 1, 0, 0, 0.00%, 0, 0, 1, 438.36
1628202794, 4617, 0, 1, 0, 0, 0.00%, 0, 0, 1, 498.29
1628202799, 4637, 0, 1, 0, 0, 0.00%, 0, 0, 1, 498.54
1628202805, 4657, 0, 1, 0, 0, 0.00%, 0, 0, 1, 484.05
1628202810, 4675, 0, 1, 0, 0, 0.00%, 0, 0, 1, 484.20
1628202815, 4695, 0, 1, 0, 0, 0.00%, 0, 0, 1, 502.35
1628202820, 4715, 0, 1, 0, 0, 0.00%, 0, 0, 1, 504.43
1628202825, 4734, 0, 1, 0, 0, 0.00%, 0, 0, 1, 493.06
1628202830, 4754, 0, 1, 0, 0, 0.00%, 0, 0, 1, 507.79
1628202835, 4774, 0, 1, 0, 0, 0.00%, 0, 0, 1, 505.79
1628202840, 4794, 0, 1, 0, 0, 0.00%, 0, 0, 1, 494.83
1628202845, 4814, 0, 1, 0, 0, 0.00%, 0, 0, 1, 514.80
1628202850, 4833, 0, 1, 0, 0, 0.00%, 0, 0, 1, 498.42
1628202855, 4853, 0, 1, 0, 0, 0.00%, 0, 0, 1, 504.88
1628202860, 4871, 0, 1, 0, 0, 0.00%, 0, 0, 1, 471.68
1628202865, 4890, 0, 1, 0, 0, 0.00%, 0, 0, 1, 477.44
1628202871, 4909, 0, 1, 0, 0, 0.00%, 0, 0, 1, 472.01
1628202876, 4929, 0, 1, 0, 0, 0.00%, 0, 0, 1, 474.87
1628202881, 4950, 0, 1, 0, 0, 0.00%, 0, 0, 1, 506.98
1628202886, 4969, 0, 1, 0, 0, 0.00%, 0, 0, 1, 484.89
1628202891, 4989, 0, 1, 0, 0, 0.00%, 0, 0, 1, 499.99
1628202896, 5010, 0, 1, 0, 0, 0.00%, 0, 0, 1, 522.40
1628202901, 5029, 0, 1, 0, 0, 0.00%, 0, 0, 1, 483.06
1628202906, 5049, 0, 1, 0, 0, 0.00%, 0, 0, 1, 490.55
1628202911, 5068, 0, 1, 0, 0, 0.00%, 0, 0, 1, 494.81
1628202916, 5087, 0, 1, 0, 0, 0.00%, 0, 0, 1, 489.84
1628202922, 5108, 0, 1, 0, 0, 0.00%, 0, 0, 1, 530.04
1628202927, 5127, 0, 1, 0, 0, 0.00%, 0, 0, 1, 491.45
1628202932, 5145, 0, 1, 0, 0, 0.00%, 0, 0, 1, 466.60
1628202937, 5165, 0, 1, 0, 0, 0.00%, 0, 0, 1, 494.41
1628202942, 5184, 0, 1, 0, 0, 0.00%, 0, 0, 1, 468.23
1628202947, 5201, 0, 1, 0, 0, 0.00%, 0, 0, 1, 434.23
1628202952, 5220, 0, 1, 0, 0, 0.00%, 0, 0, 1, 460.87
1628202957, 5239, 0, 1, 0, 0, 0.00%, 0, 0, 1, 490.51
1628202962, 5259, 0, 1, 0, 0, 0.00%, 0, 0, 1, 481.05
1628202967, 5279, 0, 1, 0, 0, 0.00%, 0, 0, 1, 498.42
1628202972, 5297, 0, 1, 0, 0, 0.00%, 0, 0, 1, 449.00
