# unix_time, cycles_done, cur_path, paths_total, pending_total, pending_favs, map_size, unique_crashes, unique_hangs, max_depth, execs_per_sec
1628196460, 0, 0, 1, 1, 1, 0.02%, 0, 0, 1, 86.02
1628196465, 0, 0, 16, 16, 1, 0.05%, 0, 0, 2, 516.51
1628196470, 0, 0, 21, 21, 1, 0.05%, 0, 0, 2, 632.21
1628196480, 0, 0, 22, 22, 1, 0.05%, 0, 0, 2, 667.33
1628196490, 0, 0, 23, 23, 1, 0.05%, 0, 0, 2, 670.03
1628196511, 0, 0, 24, 24, 1, 0.05%, 0, 0, 2, 669.44
1628196516, 0, 7, 24, 23, 9, 0.05%, 0, 0, 2, 672.72
1628196526, 0, 7, 26, 25, 9, 0.05%, 0, 0, 3, 648.63
1628196531, 0, 7, 27, 26, 9, 0.05%, 0, 0, 3, 648.12
1628196536, 0, 8, 27, 25, 9, 0.05%, 0, 0, 3, 637.90
1628196542, 0, 8, 28, 26, 9, 0.05%, 0, 0, 3, 637.86
1628196547, 0, 9, 28, 25, 8, 0.05%, 0, 0, 3, 646.97
1628196552, 0, 10, 31, 27, 7, 0.06%, 0, 0, 3, 660.51
1628196562, 0, 12, 31, 26, 8, 0.06%, 0, 0, 3, 655.03
1628196567, 0, 12, 32, 27, 8, 0.06%, 0, 0, 3, 662.04
1628196572, 0, 14, 33, 27, 7, 0.06%, 0, 0, 3, 668.82
1628196577, 0, 14, 35, 29, 7, 0.06%, 0, 0, 3, 669.03
1628196582, 0, 15, 37, 30, 6, 0.06%, 0, 0, 3, 668.30
1628196587, 0, 15, 38, 31, 6, 0.06%, 0, 0, 3, 658.46
1628196592, 0, 15, 41, 34, 6, 0.09%, 0, 0, 3, 667.55
1628196597, 0, 15, 44, 37, 6, 0.09%, 0, 0, 3, 671.09
1628196603, 0, 15, 46, 39, 6, 0.09%, 0, 0, 3, 661.80
1628196608, 0, 15, 48, 41, 6, 0.10%, 0, 0, 3, 657.95
1628196613, 0, 15, 49, 42, 6, 0.10%, 0, 0, 3, 673.14
1628196618, 0, 15, 52, 45, 6, 0.10%, 0, 0, 3, 658.78
1628196628, 0, 15, 53, 46, 6, 0.10%, 0, 0, 3, 653.23
1628196633, 0, 15, 54, 47, 6, 0.10%, 0, 0, 3, 653.91
1628196638, 0, 24, 56, 48, 8, 0.10%, 0, 0, 4, 656.56
1628196643, 0, 29, 57, 48, 7, 0.11%, 0, 0, 4, 653.13
1628196648, 0, 29, 60, 51, 7, 0.11%, 0, 0, 4, 659.22
1628196658, 0, 29, 61, 52, 7, 0.11%, 0, 0, 4, 677.36
1628196674, 0, 29, 62, 53, 7, 0.11%, 0, 0, 4, 673.07
1628196699, 0, 30, 62, 52, 7, 0.11%, 0, 0, 4, 653.27
1628196704, 0, 30, 65, 55, 7, 0.11%, 0, 0, 4, 651.24
1628196714, 0, 39, 68, 57, 6, 0.11%, 0, 0, 4, 655.76
1628196725, 0, 39, 73, 62, 6, 0.12%, 0, 0, 4, 614.32
1628196730, 0, 39, 79, 68, 6, 0.12%, 0, 0, 4, 595.91
1628196735, 0, 39, 81, 70, 6, 0.12%, 0, 0, 4, 622.28
1628196740, 0, 39, 84, 73, 6, 0.12%, 0, 0, 4, 636.33
1628196745, 0, 39, 89, 78, 6, 0.12%, 0, 0, 4, 599.93
1628196750, 0, 39, 91, 80, 6, 0.12%, 0, 0, 4, 615.43
1628196760, 0, 39, 93, 82, 6, 0.12%, 0, 0, 4, 621.08
1628196765, 0, 43, 95, 83, 8, 0.12%, 0, 0, 4, 614.54
1628196775, 0, 43, 98, 86, 8, 0.12%, 0, 0, 4, 616.45
1628196785, 0, 50, 99, 86, 8, 0.12%, 0, 0, 4, 586.57
1628196796, 0, 50, 101, 88, 8, 0.12%, 0, 0, 4, 614.21
1628196806, 0, 55, 102, 88, 8, 0.12%, 0, 0, 5, 605.92
1628196811, 0, 56, 102, 87, 7, 0.12%, 0, 0, 5, 626.16
1628196821, 0, 75, 102, 86, 6, 0.12%, 0, 0, 5, 614.72
1628196826, 0, 75, 103, 87, 6, 0.12%, 0, 0, 5, 620.76
1628196836, 0, 75, 104, 88, 6, 0.12%, 0, 0, 5, 625.13
1628196841, 0, 88, 104, 87, 5, 0.12%, 0, 0, 5, 601.04
1628196851, 0, 88, 106, 89, 5, 0.12%, 0, 0, 5, 611.86
1628196861, 0, 88, 107, 90, 5, 0.12%, 0, 0, 5, 601.64
1628196866, 0, 88, 108, 91, 5, 0.12%, 0, 0, 5, 576.62
1628196902, 0, 104, 110, 92, 3, 0.12%, 0, 0, 6, 604.23
1628196907, 0, 104, 111, 93, 3, 0.12%, 0, 0, 6, 566.75
1628196927, 0, 104, 112, 94, 3, 0.12%, 0, 0, 6, 608.25
1628196938, 0, 105, 112, 93, 3, 0.12%, 0, 0, 6, 631.16
1628196948, 0, 110, 112, 92, 2, 0.12%, 0, 0, 6, 591.76
1628196974, 1, 38, 112, 91, 1, 0.12%, 0, 0, 6, 542.69
1628196984, 1, 47, 112, 90, 0, 0.12%, 0, 0, 6, 604.81
1628196999, 1, 48, 112, 89, 0, 0.12%, 0, 0, 6, 621.57
1628197009, 1, 49, 112, 88, 0, 0.12%, 0, 0, 6, 609.35
1628197019, 1, 67, 112, 87, 0, 0.12%, 0, 0, 6, 628.65
1628197034, 1, 69, 112, 86, 0, 0.12%, 0, 0, 6, 604.34
1628197044, 1, 69, 113, 87, 0, 0.12%, 0, 0, 6, 636.51
1628197049, 1, 73, 113, 86, 0, 0.12%, 0, 0, 6, 617.01
1628197070, 1, 73, 114, 87, 0, 0.12%, 0, 0, 6, 609.02
1628197075, 1, 73, 115, 88, 0, 0.12%, 0, 0, 6, 618.80
1628197085, 1, 74, 115, 87, 0, 0.12%, 0, 0, 6, 599.61
1628197115, 1, 74, 116, 88, 0, 0.12%, 0, 0, 6, 629.82
1628197125, 1, 79, 116, 87, 0, 0.12%, 0, 0, 6, 597.22
1628197135, 1, 86, 116, 86, 0, 0.12%, 0, 0, 6, 599.20
1628197151, 1, 86, 117, 87, 0, 0.12%, 0, 0, 6, 622.47
1628197161, 1, 87, 117, 86, 0, 0.12%, 0, 0, 6, 635.21
1628197176, 1, 92, 117, 85, 0, 0.12%, 0, 0, 6, 624.69
1628197191, 1, 94, 117, 84, 0, 0.12%, 0, 0, 6, 642.69
1628197212, 1, 95, 117, 83, 0, 0.12%, 0, 0, 6, 594.92
1628197217, 1, 95, 118, 84, 0, 0.12%, 0, 0, 6, 600.66
1628197222, 1, 95, 119, 85, 0, 0.12%, 0, 0, 6, 642.79
1628197227, 1, 95, 120, 86, 0, 0.12%, 0, 0, 6, 650.24
1628197232, 1, 95, 121, 87, 0, 0.12%, 0, 0, 6, 615.03
1628197268, 1, 97, 121, 86, 0, 0.12%, 0, 0, 6, 651.79
1628197288, 1, 97, 123, 88, 0, 0.12%, 0, 0, 6, 603.05
1628197298, 1, 100, 123, 87, 0, 0.12%, 0, 0, 6, 597.14
1628197318, 1, 100, 124, 88, 0, 0.12%, 0, 0, 6, 607.76
1628197323, 1, 100, 125, 89, 0, 0.12%, 0, 0, 6, 580.73
1628197334, 1, 102, 125, 88, 0, 0.12%, 0, 0, 6, 614.23
1628197349, 1, 106, 125, 87, 0, 0.12%, 0, 0, 6, 598.57
1628197374, 1, 106, 127, 89, 0, 0.12%, 0, 0, 6, 620.39
1628197379, 1, 106, 129, 91, 0, 0.12%, 0, 0, 6, 624.41
1628197425, 1, 107, 129, 90, 0, 0.12%, 0, 0, 6, 630.22
1628197435, 1, 109, 129, 89, 0, 0.12%, 0, 0, 6, 610.08
1628197461, 1, 114, 129, 88, 0, 0.12%, 0, 0, 6, 607.63
1628197496, 1, 114, 130, 89, 0, 0.12%, 0, 0, 6, 628.26
1628197511, 1, 117, 130, 88, 0, 0.12%, 0, 0, 6, 625.38
1628197526, 1, 117, 131, 89, 0, 0.12%, 0, 0, 6, 644.10
1628197531, 1, 117, 132, 90, 0, 0.12%, 0, 0, 6, 641.83
1628197537, 1, 117, 133, 91, 0, 0.12%, 0, 0, 6, 664.73
1628197578, 2, 5, 133, 90, 0, 0.12%, 0, 0, 6, 609.07
1628197583, 2, 9, 133, 89, 0, 0.12%, 0, 0, 6, 575.46
1628197588, 2, 13, 133, 89, 0, 0.12%, 0, 0, 6, 623.11
1628197593, 2, 17, 133, 88, 0, 0.12%, 0, 0, 6, 608.43
1628197598, 2, 20, 133, 87, 0, 0.12%, 0, 0, 6, 610.52
1628197618, 2, 23, 133, 86, 0, 0.12%, 0, 0, 6, 621.93
1628197633, 2, 27, 133, 85, 0, 0.12%, 0, 0, 6, 604.40
1628197644, 2, 33, 133, 84, 0, 0.12%, 0, 0, 6, 599.24
1628197649, 2, 37, 133, 83, 0, 0.12%, 0, 0, 6, 549.85
