# unix_time, cycles_done, cur_path, paths_total, pending_total, pending_favs, map_size, unique_crashes, unique_hangs, max_depth, execs_per_sec
1634222571, 0, 0, 1, 1, 1, 0.07%, 0, 0, 1, 57.55
1634222576, 0, 0, 18, 18, 1, 0.11%, 0, 0, 2, 277.55
1634222581, 0, 0, 22, 22, 1, 0.11%, 0, 0, 2, 335.82
1634222601, 0, 0, 23, 23, 1, 0.11%, 0, 0, 2, 351.38
1634222606, 0, 0, 24, 24, 1, 0.11%, 0, 0, 2, 355.18
1634222637, 0, 0, 25, 25, 1, 0.11%, 0, 0, 2, 356.65
1634222658, 0, 0, 26, 26, 1, 0.11%, 0, 0, 2, 359.38
1634222917, 0, 0, 28, 28, 1, 0.11%, 0, 0, 2, 356.63
1634223025, 0, 0, 41, 41, 1, 0.12%, 0, 0, 2, 357.85
1634223030, 0, 0, 44, 44, 1, 0.12%, 0, 0, 2, 355.53
1634223035, 0, 0, 46, 46, 1, 0.12%, 0, 0, 2, 359.02
1634223040, 0, 0, 48, 48, 1, 0.12%, 0, 0, 2, 360.58
1634223045, 0, 0, 50, 50, 1, 0.12%, 0, 0, 2, 361.45
1634223060, 0, 0, 51, 51, 1, 0.12%, 0, 0, 2, 354.34
1634223065, 0, 0, 52, 52, 1, 0.12%, 0, 0, 2, 358.02
1634223070, 0, 15, 53, 52, 6, 0.12%, 0, 0, 2, 350.89
1634223076, 0, 15, 54, 53, 6, 0.12%, 0, 0, 3, 352.63
1634223244, 0, 15, 55, 54, 6, 0.13%, 0, 0, 3, 355.33
1634223510, 0, 26, 55, 53, 6, 0.13%, 0, 0, 3, 351.66
1634223515, 0, 26, 58, 56, 6, 0.13%, 0, 0, 3, 346.66
