# unix_time, cycles_done, cur_path, paths_total, pending_total, pending_favs, map_size, unique_crashes, unique_hangs, max_depth, execs_per_sec
1628103593, 0, 0, 1, 1, 1, 0.06%, 0, 0, 1, 57.14
1628103598, 0, 0, 17, 17, 1, 0.10%, 0, 0, 2, 368.70
1628103603, 0, 0, 18, 18, 1, 0.12%, 0, 0, 2, 459.07
1628103705, 0, 0, 21, 21, 1, 0.12%, 0, 0, 2, 521.98
1628103710, 0, 0, 29, 29, 1, 0.12%, 0, 0, 2, 524.61
1628103720, 0, 0, 30, 30, 1, 0.12%, 0, 0, 2, 526.48
1628103725, 0, 0, 32, 32, 1, 0.12%, 0, 0, 2, 525.95
1628103730, 0, 0, 33, 33, 1, 0.12%, 0, 0, 2, 526.50
1628103740, 0, 6, 34, 33, 5, 0.12%, 0, 0, 3, 519.34
1628103836, 0, 12, 34, 32, 5, 0.12%, 0, 0, 3, 524.28
1628103841, 0, 12, 35, 33, 5, 0.13%, 0, 0, 3, 524.75
1628103846, 0, 12, 37, 35, 5, 0.13%, 0, 0, 3, 525.79
1628103902, 0, 12, 38, 36, 5, 0.14%, 0, 0, 3, 515.34
1628103907, 0, 12, 42, 40, 5, 0.14%, 0, 0, 3, 536.56
1628103937, 0, 17, 44, 41, 6, 0.14%, 0, 0, 3, 520.73
1628104009, 0, 17, 45, 42, 6, 0.14%, 0, 0, 3, 546.33
1628104044, 0, 23, 45, 41, 6, 0.14%, 0, 0, 3, 494.12
1628104121, 0, 23, 46, 42, 6, 0.14%, 0, 0, 3, 517.45
1628104126, 0, 25, 46, 41, 5, 0.14%, 0, 0, 3, 564.45
1628104131, 0, 33, 47, 41, 4, 0.14%, 0, 0, 4, 550.16
1628104237, 0, 34, 47, 40, 3, 0.14%, 0, 0, 4, 494.52
1628104338, 0, 37, 47, 39, 2, 0.14%, 0, 0, 4, 488.02
1628104409, 0, 37, 49, 41, 2, 0.14%, 0, 0, 4, 495.89
1628104440, 0, 43, 49, 40, 2, 0.14%, 0, 0, 4, 300.06
1628104450, 0, 43, 50, 41, 2, 0.14%, 0, 0, 4, 455.16
1628104567, 0, 48, 50, 40, 1, 0.14%, 0, 0, 4, 487.87
1628104572, 0, 48, 51, 41, 1, 0.14%, 0, 0, 5, 494.17
1628104577, 0, 48, 53, 43, 1, 0.14%, 0, 0, 5, 497.69
1628104583, 0, 48, 54, 44, 1, 0.14%, 0, 0, 5, 459.26
1628104705, 1, 1, 54, 43, 0, 0.14%, 0, 0, 5, 534.78
1628104807, 1, 7, 55, 43, 0, 0.14%, 0, 0, 5, 454.46
1628104923, 1, 11, 55, 42, 0, 0.14%, 0, 0, 5, 489.14
1628105041, 1, 18, 55, 41, 0, 0.14%, 0, 0, 5, 509.98
1628105122, 1, 27, 55, 40, 0, 0.14%, 0, 0, 5, 504.58
1628105213, 1, 32, 56, 40, 0, 0.14%, 0, 0, 5, 524.03
1628105218, 1, 32, 58, 42, 0, 0.14%, 0, 0, 5, 502.63
1628105304, 1, 57, 58, 41, 1, 0.14%, 0, 0, 5, 512.83
1628105309, 1, 57, 59, 42, 1, 0.14%, 0, 0, 5, 510.84
