# unix_time, cycles_done, cur_path, paths_total, pending_total, pending_favs, map_size, unique_crashes, unique_hangs, max_depth, execs_per_sec
1628905924, 0, 0, 1, 1, 1, 0.07%, 0, 0, 1, 43.48
1628905929, 0, 0, 7, 7, 1, 0.09%, 0, 0, 2, 399.78
1628905949, 0, 0, 8, 8, 1, 0.09%, 0, 0, 2, 467.77
1628905960, 0, 1, 9, 8, 5, 0.09%, 0, 0, 2, 455.99
1628905995, 0, 1, 10, 9, 5, 0.10%, 0, 0, 3, 469.39
1628906001, 0, 6, 11, 9, 4, 0.10%, 0, 0, 3, 479.20
1628906031, 0, 7, 12, 9, 5, 0.11%, 0, 0, 3, 501.50
1628906062, 0, 7, 14, 11, 5, 0.11%, 0, 0, 3, 525.49
1628906068, 0, 8, 15, 11, 7, 0.11%, 0, 0, 3, 536.18
1628906083, 0, 9, 17, 12, 7, 0.12%, 0, 0, 4, 521.72
1628906114, 0, 12, 18, 12, 5, 0.12%, 0, 0, 4, 493.33
1628906139, 0, 14, 18, 11, 3, 0.12%, 0, 0, 4, 530.00
1628906154, 0, 15, 18, 10, 2, 0.12%, 0, 0, 4, 570.20
1628906174, 0, 17, 18, 9, 1, 0.12%, 0, 0, 4, 521.96
1628906200, 1, 2, 18, 8, 0, 0.12%, 0, 0, 4, 523.82
1628906230, 1, 3, 18, 7, 0, 0.12%, 0, 0, 4, 494.83
1628906265, 1, 5, 18, 6, 0, 0.12%, 0, 0, 4, 493.17
1628906296, 1, 10, 18, 5, 0, 0.12%, 0, 0, 4, 501.64
1628906322, 2, 7, 18, 4, 0, 0.12%, 0, 0, 4, 568.83
1628906327, 2, 13, 18, 4, 0, 0.12%, 0, 0, 4, 530.04
1628906353, 2, 16, 18, 3, 0, 0.12%, 0, 0, 4, 550.87
1628906388, 3, 14, 18, 2, 0, 0.12%, 0, 0, 4, 584.59
1628906394, 4, 4, 18, 2, 0, 0.12%, 0, 0, 4, 541.76
1628906425, 4, 12, 18, 1, 0, 0.12%, 0, 0, 4, 542.05
1628906430, 5, 14, 18, 1, 0, 0.12%, 0, 0, 4, 569.06
1628906435, 6, 17, 18, 1, 0, 0.12%, 0, 0, 4, 580.07
1628906440, 7, 17, 18, 1, 0, 0.12%, 0, 0, 4, 575.35
1628906445, 9, 5, 18, 1, 0, 0.12%, 0, 0, 4, 575.82
1628906450, 9, 11, 18, 1, 0, 0.12%, 0, 0, 4, 508.89
1628906476, 9, 14, 18, 0, 0, 0.12%, 0, 0, 4, 543.77
1628906481, 10, 15, 18, 0, 0, 0.12%, 0, 0, 4, 575.18
1628906486, 11, 17, 18, 0, 0, 0.12%, 0, 0, 4, 556.11
1628906491, 12, 16, 18, 0, 0, 0.12%, 0, 0, 4, 566.46
1628906496, 13, 17, 18, 0, 0, 0.12%, 0, 0, 4, 571.35
1628906501, 15, 7, 18, 0, 0, 0.12%, 0, 0, 4, 569.24
1628906506, 16, 9, 18, 0, 0, 0.12%, 0, 0, 4, 566.12
1628906511, 17, 12, 18, 0, 0, 0.12%, 0, 0, 4, 567.75
1628906517, 18, 7, 18, 0, 0, 0.12%, 0, 0, 4, 573.69
1628906522, 19, 9, 18, 0, 0, 0.12%, 0, 0, 4, 565.11
1628906527, 19, 17, 19, 1, 0, 0.12%, 0, 0, 5, 62.61
1628906532, 19, 18, 19, 1, 1, 0.12%, 0, 0, 5, 491.86
1628906567, 20, 12, 19, 0, 0, 0.12%, 0, 0, 5, 456.70
1628906572, 20, 17, 19, 0, 0, 0.12%, 0, 0, 5, 437.24
1628906578, 21, 7, 19, 0, 0, 0.12%, 0, 0, 5, 449.53
1628906583, 21, 15, 19, 0, 0, 0.12%, 0, 0, 5, 442.58
1628906588, 21, 18, 19, 0, 0, 0.12%, 0, 0, 5, 423.68
1628906593, 22, 14, 19, 0, 0, 0.12%, 0, 0, 5, 429.89
1628906598, 22, 18, 19, 0, 0, 0.12%, 0, 0, 5, 427.12
1628906603, 23, 12, 19, 0, 0, 0.12%, 0, 0, 5, 450.87
1628906608, 23, 18, 19, 0, 0, 0.12%, 0, 0, 5, 455.18
1628906613, 24, 14, 19, 0, 0, 0.12%, 0, 0, 5, 442.47
1628906618, 24, 18, 19, 0, 0, 0.12%, 0, 0, 5, 432.54
1628906623, 25, 14, 19, 0, 0, 0.12%, 0, 0, 5, 447.48
1628906629, 26, 7, 19, 0, 0, 0.12%, 0, 0, 5, 459.05
1628906634, 26, 15, 19, 0, 0, 0.12%, 0, 0, 5, 436.72
1628906639, 27, 7, 19, 0, 0, 0.12%, 0, 0, 5, 436.41
1628906644, 27, 15, 19, 0, 0, 0.12%, 0, 0, 5, 420.03
1628906649, 28, 9, 19, 0, 0, 0.12%, 0, 0, 5, 419.13
1628906654, 28, 17, 19, 0, 0, 0.12%, 0, 0, 5, 473.92
1628906660, 29, 9, 19, 0, 0, 0.12%, 0, 0, 5, 440.66
1628906665, 29, 16, 19, 0, 0, 0.12%, 0, 0, 5, 425.05
1628906670, 30, 1, 19, 0, 0, 0.12%, 0, 0, 5, 431.68
1628906675, 30, 14, 19, 0, 0, 0.12%, 0, 0, 5, 420.89
1628906680, 31, 7, 19, 0, 0, 0.12%, 0, 0, 5, 439.86
1628906685, 31, 15, 19, 0, 0, 0.12%, 0, 0, 5, 411.13
1628906690, 32, 9, 19, 0, 0, 0.12%, 0, 0, 5, 463.48
1628906695, 32, 16, 19, 0, 0, 0.12%, 0, 0, 5, 434.50
1628906700, 33, 7, 19, 0, 0, 0.12%, 0, 0, 5, 461.02
1628906706, 33, 15, 19, 0, 0, 0.12%, 0, 0, 5, 458.72
1628906711, 34, 7, 19, 0, 0, 0.12%, 0, 0, 5, 419.15
1628906716, 34, 15, 19, 0, 0, 0.12%, 0, 0, 5, 444.00
1628906721, 35, 9, 19, 0, 0, 0.12%, 0, 0, 5, 446.83
1628906726, 35, 17, 19, 0, 0, 0.12%, 0, 0, 5, 440.74
1628906731, 36, 9, 19, 0, 0, 0.12%, 0, 0, 5, 449.23
1628906736, 36, 17, 19, 0, 0, 0.12%, 0, 0, 5, 436.41
1628906741, 37, 12, 19, 0, 0, 0.12%, 0, 0, 5, 428.93
1628906747, 37, 17, 19, 0, 0, 0.12%, 0, 0, 5, 487.58
1628906752, 38, 14, 19, 0, 0, 0.12%, 0, 0, 5, 455.42
1628906757, 39, 7, 19, 0, 0, 0.12%, 0, 0, 5, 459.50
1628906762, 39, 15, 19, 0, 0, 0.12%, 0, 0, 5, 478.71
1628906767, 40, 7, 19, 0, 0, 0.12%, 0, 0, 5, 453.77
1628906772, 40, 15, 19, 0, 0, 0.12%, 0, 0, 5, 445.87
1628906777, 41, 12, 19, 0, 0, 0.12%, 0, 0, 5, 521.15
1628906782, 41, 17, 19, 0, 0, 0.12%, 0, 0, 5, 489.58
1628906787, 42, 14, 19, 0, 0, 0.12%, 0, 0, 5, 437.65
1628906792, 43, 7, 19, 0, 0, 0.12%, 0, 0, 5, 476.49
1628906798, 43, 15, 19, 0, 0, 0.12%, 0, 0, 5, 474.85
1628906803, 44, 9, 19, 0, 0, 0.12%, 0, 0, 5, 447.59
1628906808, 44, 17, 19, 0, 0, 0.12%, 0, 0, 5, 441.51
1628906813, 45, 12, 19, 0, 0, 0.12%, 0, 0, 5, 483.13
1628906818, 45, 17, 19, 0, 0, 0.12%, 0, 0, 5, 474.10
1628906823, 46, 9, 19, 0, 0, 0.12%, 0, 0, 5, 418.70
1628906828, 46, 17, 19, 0, 0, 0.12%, 0, 0, 5, 444.28
1628906833, 47, 9, 19, 0, 0, 0.12%, 0, 0, 5, 407.16
1628906838, 47, 15, 19, 0, 0, 0.12%, 0, 0, 5, 416.89
1628906843, 48, 7, 19, 0, 0, 0.12%, 0, 0, 5, 431.10
1628906849, 48, 15, 19, 0, 0, 0.12%, 0, 0, 5, 432.30
1628906854, 49, 2, 19, 0, 0, 0.12%, 0, 0, 5, 439.81
1628906859, 49, 14, 19, 0, 0, 0.12%, 0, 0, 5, 468.73
1628906864, 49, 18, 19, 0, 0, 0.12%, 0, 0, 5, 464.60
1628906869, 50, 15, 19, 0, 0, 0.12%, 0, 0, 5, 442.33
1628906874, 51, 6, 19, 0, 0, 0.12%, 0, 0, 5, 459.45
1628906879, 51, 12, 19, 0, 0, 0.12%, 0, 0, 5, 412.49
1628906884, 51, 17, 19, 0, 0, 0.12%, 0, 0, 5, 417.23
1628906889, 52, 14, 19, 0, 0, 0.12%, 0, 0, 5, 442.38
1628906895, 53, 7, 19, 0, 0, 0.12%, 0, 0, 5, 407.84
1628906900, 53, 15, 19, 0, 0, 0.12%, 0, 0, 5, 420.15
1628906905, 54, 7, 19, 0, 0, 0.12%, 0, 0, 5, 415.40
1628906910, 54, 16, 19, 0, 0, 0.12%, 0, 0, 5, 465.96
1628906915, 54, 17, 19, 0, 0, 0.12%, 0, 0, 5, 404.24
1628906920, 55, 12, 19, 0, 0, 0.12%, 0, 0, 5, 426.33
1628906925, 55, 18, 19, 0, 0, 0.12%, 0, 0, 5, 455.70
1628906930, 56, 14, 19, 0, 0, 0.12%, 0, 0, 5, 437.88
1628906935, 57, 7, 19, 0, 0, 0.12%, 0, 0, 5, 430.05
1628906941, 57, 15, 19, 0, 0, 0.12%, 0, 0, 5, 446.26
1628906946, 58, 7, 19, 0, 0, 0.12%, 0, 0, 5, 419.96
1628906951, 58, 15, 19, 0, 0, 0.12%, 0, 0, 5, 439.63
1628906956, 59, 9, 19, 0, 0, 0.12%, 0, 0, 5, 436.66
1628906961, 59, 14, 19, 0, 0, 0.12%, 0, 0, 5, 416.19
1628906966, 59, 17, 19, 0, 0, 0.12%, 0, 0, 5, 382.59
1628906971, 60, 12, 19, 0, 0, 0.12%, 0, 0, 5, 415.90
1628906976, 60, 16, 19, 0, 0, 0.12%, 0, 0, 5, 433.17
1628906981, 61, 9, 19, 0, 0, 0.12%, 0, 0, 5, 442.07
1628906986, 61, 17, 19, 0, 0, 0.12%, 0, 0, 5, 444.25
1628906991, 62, 9, 19, 0, 0, 0.12%, 0, 0, 5, 443.67
1628906997, 62, 15, 19, 0, 0, 0.12%, 0, 0, 5, 427.77
1628907002, 63, 9, 19, 0, 0, 0.12%, 0, 0, 5, 418.90
1628907007, 63, 15, 19, 0, 0, 0.12%, 0, 0, 5, 491.61
1628907012, 64, 9, 19, 0, 0, 0.12%, 0, 0, 5, 453.67
1628907017, 64, 17, 19, 0, 0, 0.12%, 0, 0, 5, 457.90
1628907022, 65, 10, 19, 0, 0, 0.12%, 0, 0, 5, 444.45
1628907027, 65, 15, 19, 0, 0, 0.12%, 0, 0, 5, 422.33
1628907033, 66, 7, 19, 0, 0, 0.12%, 0, 0, 5, 446.02
1628907038, 66, 14, 19, 0, 0, 0.12%, 0, 0, 5, 405.23
1628907043, 66, 17, 19, 0, 0, 0.12%, 0, 0, 5, 408.19
1628907048, 67, 12, 19, 0, 0, 0.12%, 0, 0, 5, 425.74
1628907054, 67, 17, 19, 0, 0, 0.12%, 0, 0, 5, 392.64
1628907059, 68, 14, 19, 0, 0, 0.12%, 0, 0, 5, 478.86
1628907064, 69, 2, 19, 0, 0, 0.12%, 0, 0, 5, 453.54
1628907069, 69, 14, 19, 0, 0, 0.12%, 0, 0, 5, 426.47
1628907074, 70, 7, 19, 0, 0, 0.12%, 0, 0, 5, 451.40
1628907079, 70, 15, 19, 0, 0, 0.12%, 0, 0, 5, 445.32
1628907084, 71, 7, 19, 0, 0, 0.12%, 0, 0, 5, 422.16
1628907090, 71, 15, 19, 0, 0, 0.12%, 0, 0, 5, 419.08
1628907095, 72, 9, 19, 0, 0, 0.12%, 0, 0, 5, 427.33
1628907100, 72, 17, 19, 0, 0, 0.12%, 0, 0, 5, 427.21
1628907105, 73, 9, 19, 0, 0, 0.12%, 0, 0, 5, 408.78
1628907110, 73, 15, 19, 0, 0, 0.12%, 0, 0, 5, 443.14
1628907115, 74, 9, 19, 0, 0, 0.12%, 0, 0, 5, 428.94
1628907120, 74, 15, 19, 0, 0, 0.12%, 0, 0, 5, 439.24
