# unix_time, cycles_done, cur_path, paths_total, pending_total, pending_favs, map_size, unique_crashes, unique_hangs, max_depth, execs_per_sec
1634223798, 0, 0, 1, 1, 1, 0.07%, 0, 0, 1, 56.74
1634223803, 0, 0, 18, 18, 1, 0.11%, 0, 0, 2, 267.48
1634223809, 0, 0, 22, 22, 1, 0.11%, 0, 0, 2, 327.60
1634223829, 0, 0, 23, 23, 1, 0.11%, 0, 0, 2, 350.23
1634223834, 0, 0, 24, 24, 1, 0.11%, 0, 0, 2, 354.22
1634223865, 0, 0, 25, 25, 1, 0.11%, 0, 0, 2, 360.73
1634223890, 0, 0, 26, 26, 1, 0.11%, 0, 0, 2, 348.78
1634224130, 0, 0, 28, 28, 1, 0.11%, 0, 0, 2, 360.96
1634224237, 0, 0, 38, 38, 1, 0.12%, 0, 0, 2, 346.87
1634224243, 0, 0, 44, 44, 1, 0.12%, 0, 0, 2, 366.92
1634224248, 0, 0, 45, 45, 1, 0.12%, 0, 0, 2, 359.41
1634224253, 0, 0, 48, 48, 1, 0.12%, 0, 0, 2, 351.44
1634224263, 0, 0, 49, 49, 1, 0.12%, 0, 0, 2, 366.30
1634224268, 0, 0, 50, 50, 1, 0.12%, 0, 0, 2, 367.27
1634224278, 0, 0, 51, 51, 1, 0.12%, 0, 0, 2, 367.81
1634224283, 0, 1, 51, 50, 5, 0.12%, 0, 0, 2, 362.15
1634224712, 0, 15, 51, 49, 5, 0.12%, 0, 0, 2, 363.59
1634224717, 0, 15, 52, 50, 5, 0.12%, 0, 0, 3, 359.65
1634224885, 0, 15, 53, 51, 5, 0.13%, 0, 0, 3, 358.98
