# unix_time, cycles_done, cur_path, paths_total, pending_total, pending_favs, map_size, unique_crashes, unique_hangs, max_depth, execs_per_sec
1627974701, 0, 0, 1, 1, 1, 0.07%, 0, 0, 1, 23.12
1627974706, 0, 0, 20, 20, 1, 0.10%, 0, 0, 2, 449.53
1627974711, 0, 0, 22, 22, 1, 0.10%, 0, 0, 2, 435.40
1627974716, 0, 0, 23, 23, 1, 0.10%, 0, 0, 2, 512.78
1627974721, 0, 0, 24, 24, 1, 0.10%, 0, 0, 2, 502.32
1627974782, 0, 0, 25, 25, 1, 0.10%, 0, 0, 2, 337.55
1627974818, 0, 5, 26, 25, 4, 0.10%, 0, 0, 3, 350.13
1627974823, 0, 5, 27, 26, 4, 0.10%, 0, 0, 3, 330.66
1627974925, 0, 10, 28, 26, 4, 0.10%, 0, 0, 3, 625.76
1627974930, 0, 10, 29, 27, 4, 0.10%, 0, 0, 3, 440.87
1627975037, 0, 10, 34, 32, 4, 0.10%, 0, 0, 3, 593.74
1627975042, 0, 10, 38, 36, 4, 0.10%, 0, 0, 3, 619.21
1627975047, 0, 22, 40, 37, 6, 0.11%, 0, 0, 3, 563.57
1627975164, 0, 24, 41, 37, 6, 0.12%, 0, 0, 3, 623.60
1627975271, 0, 27, 42, 37, 6, 0.12%, 0, 0, 4, 524.65
1627975287, 0, 27, 44, 39, 6, 0.12%, 0, 0, 4, 591.76
1627975302, 0, 27, 45, 40, 6, 0.12%, 0, 0, 4, 516.41
1627975342, 0, 27, 49, 44, 6, 0.12%, 0, 0, 4, 656.43
1627975347, 0, 27, 51, 46, 6, 0.12%, 0, 0, 4, 543.43
1627975353, 0, 29, 55, 49, 6, 0.12%, 0, 0, 4, 644.88
1627975363, 0, 31, 56, 49, 6, 0.12%, 0, 0, 4, 556.18
1627975368, 0, 31, 59, 52, 6, 0.12%, 0, 0, 4, 709.33
1627975373, 0, 31, 60, 53, 6, 0.12%, 0, 0, 4, 699.40
1627975434, 0, 31, 64, 57, 6, 0.12%, 0, 0, 4, 484.53
1627975439, 0, 31, 65, 58, 6, 0.12%, 0, 0, 4, 528.38
1627975444, 0, 39, 67, 59, 6, 0.12%, 0, 0, 4, 573.65
1627975459, 0, 39, 68, 60, 6, 0.12%, 0, 0, 4, 514.26
1627975505, 0, 39, 71, 63, 6, 0.12%, 0, 0, 4, 461.59
1627975535, 0, 40, 72, 63, 5, 0.12%, 0, 0, 4, 512.03
1627975601, 0, 40, 74, 65, 5, 0.12%, 0, 0, 4, 555.68
1627975632, 0, 48, 75, 65, 4, 0.12%, 0, 0, 5, 544.14
1627975657, 0, 48, 76, 66, 4, 0.12%, 0, 0, 5, 543.73
1627975688, 0, 55, 77, 66, 4, 0.12%, 0, 0, 5, 709.49
1627975693, 0, 57, 77, 65, 4, 0.12%, 0, 0, 5, 570.56
1627975759, 0, 61, 77, 64, 3, 0.12%, 0, 0, 5, 522.58
1627975764, 0, 61, 79, 66, 3, 0.12%, 0, 0, 5, 568.98
1627976156, 0, 61, 87, 74, 3, 0.12%, 0, 0, 5, 666.84
1627976162, 0, 61, 88, 75, 3, 0.12%, 0, 0, 5, 513.92
1627976167, 0, 74, 90, 76, 4, 0.12%, 0, 0, 6, 519.16
1627976172, 0, 74, 91, 77, 4, 0.12%, 0, 0, 6, 625.73
1627976218, 0, 74, 93, 79, 4, 0.12%, 0, 0, 6, 621.79
1627976223, 0, 76, 94, 79, 4, 0.12%, 0, 0, 6, 627.00
1627976228, 0, 79, 94, 78, 3, 0.12%, 0, 0, 6, 527.72
1627976269, 0, 81, 96, 79, 2, 0.12%, 0, 0, 6, 555.44
1627976299, 0, 81, 100, 83, 2, 0.12%, 0, 0, 6, 476.54
1627976305, 0, 81, 101, 84, 2, 0.12%, 0, 0, 6, 557.10
1627976310, 0, 91, 101, 83, 1, 0.12%, 0, 0, 6, 575.65
1627976355, 0, 100, 101, 82, 0, 0.12%, 0, 0, 6, 570.76
1627976365, 1, 3, 101, 81, 0, 0.12%, 0, 0, 6, 570.54
1627976457, 1, 101, 104, 83, 1, 0.12%, 0, 0, 6, 583.18
1627976503, 1, 103, 105, 83, 2, 0.12%, 0, 0, 6, 450.29
1627976513, 1, 103, 106, 84, 2, 0.12%, 0, 0, 6, 413.60
1627976544, 1, 103, 107, 85, 2, 0.12%, 0, 0, 6, 472.88
1627976549, 1, 104, 107, 84, 2, 0.12%, 0, 0, 6, 435.55
1627976599, 1, 106, 107, 83, 1, 0.12%, 0, 0, 6, 566.91
1627976645, 2, 13, 107, 82, 0, 0.12%, 0, 0, 6, 360.64
1627976751, 2, 13, 108, 83, 0, 0.12%, 0, 0, 6, 450.56
1627976757, 2, 14, 110, 84, 1, 0.12%, 0, 0, 6, 440.95
1627976828, 2, 14, 111, 85, 1, 0.12%, 0, 0, 6, 480.86
