# unix_time, cycles_done, cur_path, paths_total, pending_total, pending_favs, map_size, unique_crashes, unique_hangs, max_depth, execs_per_sec
1628158009, 0, 0, 1, 1, 1, 0.00%, 0, 0, 1, 72.07
1628158014, 5, 1, 6, 5, 1, 0.02%, 0, 0, 3, 652.14
1628158020, 5, 1, 12, 11, 1, 0.04%, 0, 0, 3, 742.54
1628158035, 5, 1, 15, 14, 1, 0.04%, 0, 0, 3, 642.80
1628158040, 5, 1, 16, 15, 1, 0.04%, 0, 0, 3, 640.18
1628158045, 5, 1, 17, 16, 1, 0.04%, 0, 0, 3, 635.90
1628158055, 5, 1, 19, 18, 1, 0.04%, 0, 0, 3, 648.40
1628158060, 5, 1, 24, 23, 1, 0.04%, 0, 0, 3, 631.42
1628158065, 5, 2, 28, 26, 11, 0.04%, 0, 0, 3, 619.57
1628158090, 5, 3, 28, 25, 10, 0.04%, 0, 0, 3, 655.91
1628158116, 5, 4, 28, 24, 9, 0.04%, 0, 0, 3, 651.85
1628158141, 5, 5, 28, 23, 8, 0.04%, 0, 0, 3, 644.19
1628158167, 5, 6, 30, 24, 8, 0.04%, 0, 0, 4, 643.89
1628158192, 5, 7, 30, 23, 7, 0.04%, 0, 0, 4, 665.39
1628158218, 5, 8, 30, 22, 6, 0.04%, 0, 0, 4, 651.74
1628158238, 5, 8, 31, 23, 6, 0.04%, 0, 0, 4, 625.17
1628158243, 5, 9, 32, 23, 5, 0.04%, 0, 0, 4, 622.47
1628158268, 5, 10, 32, 22, 4, 0.04%, 0, 0, 4, 628.00
1628158289, 5, 11, 33, 22, 3, 0.04%, 0, 0, 4, 644.72
1628158314, 5, 14, 33, 21, 2, 0.04%, 0, 0, 4, 611.25
1628158339, 5, 28, 33, 20, 1, 0.04%, 0, 0, 4, 607.64
1628158380, 5, 28, 34, 21, 1, 0.04%, 0, 0, 5, 615.59
1628158425, 5, 29, 34, 20, 0, 0.04%, 0, 0, 5, 640.86
1628158496, 5, 31, 34, 19, 0, 0.04%, 0, 0, 5, 607.86
1628158547, 5, 31, 35, 20, 0, 0.04%, 0, 0, 5, 668.89
1628158587, 5, 34, 36, 20, 1, 0.04%, 0, 0, 5, 602.17
1628158633, 5, 34, 38, 22, 1, 0.04%, 0, 0, 6, 552.06
1628158653, 5, 34, 39, 23, 1, 0.04%, 0, 0, 6, 516.79
1628158664, 5, 34, 40, 24, 1, 0.04%, 0, 0, 6, 504.58
1628158669, 5, 34, 41, 25, 1, 0.04%, 0, 0, 6, 479.40
1628158674, 5, 34, 42, 26, 1, 0.04%, 0, 0, 6, 498.46
1628158689, 5, 34, 43, 27, 1, 0.04%, 0, 0, 6, 495.42
1628158699, 5, 34, 44, 28, 1, 0.04%, 0, 0, 6, 57.22
1628158715, 5, 35, 44, 27, 1, 0.04%, 0, 0, 6, 571.92
1628158755, 5, 35, 45, 28, 1, 0.04%, 0, 0, 6, 523.04
1628158770, 5, 35, 46, 29, 1, 0.04%, 0, 0, 6, 511.88
1628158791, 5, 35, 47, 30, 1, 0.04%, 0, 0, 6, 537.02
1628158801, 5, 42, 47, 29, 0, 0.04%, 0, 0, 6, 531.06
1628158878, 5, 42, 48, 30, 0, 0.04%, 0, 0, 7, 520.09
1628158883, 5, 42, 50, 32, 0, 0.04%, 0, 0, 7, 505.00
1628158888, 5, 42, 51, 33, 0, 0.04%, 0, 0, 7, 525.93
1628158908, 5, 42, 52, 34, 0, 0.04%, 0, 0, 7, 478.35
1628158918, 5, 42, 53, 35, 0, 0.04%, 0, 0, 7, 506.43
1628158928, 5, 42, 54, 36, 0, 0.04%, 0, 0, 7, 409.35
1628158939, 5, 42, 55, 37, 0, 0.04%, 0, 0, 7, 452.99
1628158944, 5, 43, 55, 36, 0, 0.04%, 0, 0, 7, 67.74
