# unix_time, cycles_done, cur_path, paths_total, pending_total, pending_favs, map_size, unique_crashes, unique_hangs, max_depth, execs_per_sec
1634548170, 0, 0, 1, 1, 1, 0.00%, 0, 0, 1, 74.07
1634548176, 8, 1, 2, 0, 0, 0.00%, 0, 0, 2, 868.88
1634548181, 19, 1, 2, 0, 0, 0.00%, 0, 0, 2, 978.64
1634548186, 29, 1, 2, 0, 0, 0.00%, 0, 0, 2, 1011.62
1634548191, 40, 1, 2, 0, 0, 0.00%, 0, 0, 2, 1013.47
1634548196, 51, 1, 2, 0, 0, 0.00%, 0, 0, 2, 1015.64
1634548201, 62, 0, 2, 0, 0, 0.00%, 0, 0, 2, 1000.17
1634548206, 72, 1, 2, 0, 0, 0.00%, 0, 0, 2, 1006.30
1634548211, 83, 1, 2, 0, 0, 0.00%, 0, 0, 2, 1013.26
1634548216, 94, 0, 2, 0, 0, 0.00%, 0, 0, 2, 996.08
1634548221, 104, 1, 2, 0, 0, 0.00%, 0, 0, 2, 1003.83
1634548226, 115, 1, 2, 0, 0, 0.00%, 0, 0, 2, 1008.22
1634548231, 126, 0, 2, 0, 0, 0.00%, 0, 0, 2, 1009.47
1634548237, 136, 1, 2, 0, 0, 0.00%, 0, 0, 2, 1018.06
1634548242, 147, 1, 2, 0, 0, 0.00%, 0, 0, 2, 1016.44
1634548247, 158, 1, 2, 0, 0, 0.00%, 0, 0, 2, 1009.19
1634548252, 168, 1, 2, 0, 0, 0.00%, 0, 0, 2, 1010.86
1634548257, 179, 1, 2, 0, 0, 0.00%, 0, 0, 2, 1018.99
1634548262, 190, 1, 2, 0, 0, 0.00%, 0, 0, 2, 1012.11
1634548267, 201, 0, 2, 0, 0, 0.00%, 0, 0, 2, 1021.05
1634548272, 211, 1, 2, 0, 0, 0.00%, 0, 0, 2, 1006.91
1634548277, 222, 1, 2, 0, 0, 0.00%, 0, 0, 2, 1017.69
1634548282, 233, 1, 2, 0, 0, 0.00%, 0, 0, 2, 1013.95
1634548287, 244, 0, 2, 0, 0, 0.00%, 0, 0, 2, 1015.87
1634548292, 254, 1, 2, 0, 0, 0.00%, 0, 0, 2, 1018.74
1634548297, 265, 1, 2, 0, 0, 0.00%, 0, 0, 2, 1014.27
1634548303, 276, 1, 2, 0, 0, 0.00%, 0, 0, 2, 1016.66
1634548308, 287, 0, 2, 0, 0, 0.00%, 0, 0, 2, 1017.38
1634548313, 297, 1, 2, 0, 0, 0.00%, 0, 0, 2, 1016.60
1634548318, 308, 1, 2, 0, 0, 0.00%, 0, 0, 2, 1021.42
1634548323, 319, 1, 2, 0, 0, 0.00%, 0, 0, 2, 1014.47
1634548328, 329, 1, 2, 0, 0, 0.00%, 0, 0, 2, 1008.76
1634548333, 340, 1, 2, 0, 0, 0.00%, 0, 0, 2, 1015.59
1634548338, 346, 2, 13, 11, 3, 0.05%, 0, 0, 3, 1000.90
1634548343, 346, 6, 27, 24, 10, 0.07%, 0, 0, 3, 988.83
1634548348, 346, 9, 40, 36, 15, 0.09%, 0, 0, 4, 968.25
1634548353, 346, 10, 47, 42, 18, 0.10%, 0, 0, 4, 991.16
1634548358, 346, 12, 55, 49, 18, 0.12%, 0, 0, 4, 983.19
1634548363, 346, 18, 70, 62, 17, 0.15%, 0, 0, 4, 987.66
1634548369, 346, 26, 74, 64, 20, 0.16%, 0, 0, 4, 976.44
1634548374, 346, 26, 83, 73, 20, 0.16%, 0, 0, 4, 984.05
1634548379, 346, 29, 92, 80, 23, 0.18%, 0, 0, 4, 983.97
1634548384, 346, 33, 99, 85, 28, 0.18%, 0, 0, 4, 985.47
1634548389, 346, 37, 108, 92, 26, 0.18%, 0, 0, 4, 990.34
1634548394, 346, 40, 114, 97, 26, 0.19%, 0, 0, 5, 994.05
1634548399, 346, 42, 120, 102, 25, 0.19%, 0, 0, 5, 989.86
1634548404, 346, 44, 127, 108, 24, 0.20%, 0, 0, 5, 996.20
1634548409, 346, 45, 129, 109, 26, 0.20%, 0, 0, 5, 992.12
1634548414, 346, 50, 134, 113, 25, 0.20%, 0, 0, 5, 985.06
1634548419, 346, 65, 136, 114, 23, 0.20%, 0, 0, 5, 983.51
1634548424, 346, 68, 142, 119, 24, 0.22%, 0, 0, 5, 977.04
1634548430, 346, 69, 146, 122, 23, 0.22%, 0, 0, 5, 966.68
1634548435, 346, 73, 148, 122, 22, 0.23%, 0, 0, 5, 967.10
1634548440, 346, 74, 154, 127, 21, 0.23%, 0, 0, 5, 980.79
1634548445, 346, 74, 157, 130, 21, 0.23%, 0, 0, 5, 979.58
1634548450, 346, 78, 161, 132, 19, 0.23%, 0, 0, 5, 986.85
1634548460, 346, 85, 164, 133, 17, 0.23%, 0, 0, 5, 982.42
1634548465, 346, 88, 166, 134, 16, 0.23%, 0, 0, 5, 972.21
1634548471, 346, 91, 169, 136, 15, 0.23%, 0, 0, 5, 993.65
1634548476, 346, 92, 170, 136, 14, 0.23%, 0, 0, 5, 975.88
1634548481, 346, 103, 172, 136, 12, 0.23%, 0, 0, 5, 973.84
1634548486, 346, 106, 174, 137, 11, 0.23%, 0, 0, 5, 979.01
1634548491, 346, 110, 176, 137, 8, 0.23%, 0, 0, 6, 980.40
1634548496, 346, 123, 179, 139, 8, 0.23%, 0, 0, 6, 984.04
1634548501, 346, 124, 181, 140, 8, 0.23%, 0, 0, 6, 969.92
1634548506, 346, 126, 185, 143, 8, 0.23%, 0, 0, 6, 968.98
1634548511, 346, 132, 189, 145, 6, 0.23%, 0, 0, 6, 967.57
1634548517, 346, 142, 189, 144, 5, 0.23%, 0, 0, 6, 941.84
1634548522, 346, 146, 191, 145, 5, 0.23%, 0, 0, 6, 974.31
1634548527, 346, 182, 193, 145, 4, 0.23%, 0, 0, 7, 971.44
1634548532, 346, 186, 193, 144, 3, 0.23%, 0, 0, 7, 960.60
1634548537, 346, 190, 193, 143, 2, 0.23%, 0, 0, 7, 931.25
1634548542, 347, 14, 193, 141, 0, 0.23%, 0, 0, 7, 932.83
1634548547, 347, 26, 193, 140, 0, 0.23%, 0, 0, 7, 955.96
1634548552, 347, 30, 194, 141, 0, 0.23%, 0, 0, 7, 961.69
1634548557, 347, 37, 195, 141, 0, 0.23%, 0, 0, 7, 971.16
1634548563, 347, 42, 195, 141, 0, 0.23%, 0, 0, 7, 961.79
1634548568, 347, 44, 196, 142, 0, 0.23%, 0, 0, 7, 964.25
1634548573, 347, 50, 196, 142, 0, 0.23%, 0, 0, 7, 982.40
1634548578, 347, 57, 196, 141, 0, 0.23%, 0, 0, 7, 965.41
1634548583, 347, 58, 196, 140, 0, 0.23%, 0, 0, 7, 967.53
1634548588, 347, 64, 196, 138, 0, 0.23%, 0, 0, 7, 960.84
1634548593, 347, 65, 197, 138, 0, 0.23%, 0, 0, 7, 975.66
1634548598, 347, 68, 200, 141, 0, 0.23%, 0, 0, 7, 984.22
1634548603, 347, 69, 200, 141, 0, 0.23%, 0, 0, 7, 940.58
1634548608, 347, 73, 200, 141, 0, 0.23%, 0, 0, 7, 962.50
1634548613, 347, 77, 200, 141, 0, 0.23%, 0, 0, 7, 962.98
1634548619, 347, 115, 202, 143, 1, 0.23%, 0, 0, 7, 940.30
1634548624, 347, 141, 202, 142, 1, 0.23%, 0, 0, 7, 937.19
1634548629, 347, 142, 203, 142, 1, 0.23%, 0, 0, 7, 920.02
1634548634, 347, 200, 207, 146, 2, 0.23%, 0, 0, 7, 875.17
1634548644, 347, 203, 209, 147, 1, 0.23%, 0, 0, 7, 884.66
1634548649, 347, 207, 209, 146, 1, 0.23%, 0, 0, 7, 937.43
1634548654, 348, 9, 209, 145, 0, 0.23%, 0, 0, 7, 950.68
1634548659, 348, 13, 209, 145, 0, 0.23%, 0, 0, 7, 971.88
1634548664, 348, 24, 209, 144, 0, 0.23%, 0, 0, 7, 959.18
1634548669, 348, 29, 210, 144, 0, 0.23%, 0, 0, 7, 960.48
1634548674, 348, 34, 213, 147, 0, 0.23%, 0, 0, 7, 964.20
1634548679, 348, 40, 213, 147, 0, 0.23%, 0, 0, 7, 964.66
1634548684, 348, 42, 214, 148, 0, 0.23%, 0, 0, 7, 963.21
1634548689, 348, 44, 214, 147, 0, 0.23%, 0, 0, 7, 976.78
1634548694, 348, 48, 214, 147, 0, 0.23%, 0, 0, 7, 951.65
1634548700, 348, 50, 215, 147, 0, 0.23%, 0, 0, 7, 948.02
1634548705, 348, 56, 215, 146, 0, 0.23%, 0, 0, 7, 962.50
1634548710, 348, 62, 215, 145, 0, 0.23%, 0, 0, 7, 970.20
1634548715, 348, 65, 215, 144, 0, 0.23%, 0, 0, 7, 972.20
1634548720, 348, 69, 216, 145, 0, 0.23%, 0, 0, 7, 987.78
1634548725, 348, 70, 217, 146, 0, 0.23%, 0, 0, 7, 939.63
1634548730, 348, 74, 217, 146, 0, 0.23%, 0, 0, 7, 946.60
1634548735, 348, 75, 220, 149, 0, 0.23%, 0, 0, 7, 965.26
1634548740, 348, 77, 220, 147, 0, 0.23%, 0, 0, 7, 959.60
1634548746, 348, 79, 220, 147, 0, 0.23%, 0, 0, 7, 965.22
1634548751, 348, 82, 220, 146, 0, 0.23%, 0, 0, 7, 963.20
1634548756, 348, 88, 220, 146, 0, 0.23%, 0, 0, 7, 974.31
1634548761, 348, 91, 220, 145, 0, 0.23%, 0, 0, 7, 957.94
1634548766, 348, 92, 220, 145, 0, 0.23%, 0, 0, 7, 965.51
