# unix_time, cycles_done, cur_path, paths_total, pending_total, pending_favs, map_size, unique_crashes, unique_hangs, max_depth, execs_per_sec
1628120295, 0, 0, 1, 1, 1, 0.05%, 0, 0, 1, 28.78
1628120300, 0, 0, 17, 17, 1, 0.08%, 0, 0, 2, 432.50
1628120305, 0, 0, 18, 18, 1, 0.10%, 0, 0, 2, 538.78
1628120402, 0, 0, 27, 27, 1, 0.10%, 0, 0, 2, 495.39
1628120407, 0, 0, 29, 29, 1, 0.10%, 0, 0, 2, 521.59
1628120412, 0, 6, 31, 30, 5, 0.10%, 0, 0, 3, 518.21
1628120513, 0, 12, 33, 31, 5, 0.11%, 0, 0, 3, 565.74
1628120518, 0, 12, 37, 35, 5, 0.11%, 0, 0, 3, 551.22
1628120574, 0, 12, 42, 40, 5, 0.11%, 0, 0, 3, 549.29
1628120605, 0, 17, 45, 42, 7, 0.11%, 0, 0, 3, 578.60
1628120610, 0, 17, 46, 43, 7, 0.11%, 0, 0, 3, 568.35
1628120671, 0, 17, 47, 44, 7, 0.11%, 0, 0, 3, 549.40
1628120701, 0, 19, 48, 44, 6, 0.11%, 0, 0, 3, 612.54
1628120706, 0, 26, 48, 43, 6, 0.11%, 0, 0, 3, 593.90
1628120748, 0, 26, 49, 44, 6, 0.11%, 0, 0, 3, 617.08
1628120768, 0, 30, 49, 43, 5, 0.11%, 0, 0, 3, 590.41
1628120773, 0, 30, 50, 44, 5, 0.11%, 0, 0, 4, 576.90
1628120860, 0, 32, 50, 43, 4, 0.11%, 0, 0, 4, 562.32
1628120951, 0, 43, 50, 42, 4, 0.11%, 0, 0, 4, 571.00
1628121022, 0, 44, 50, 41, 3, 0.11%, 0, 0, 4, 416.11
1628121119, 0, 47, 50, 40, 2, 0.11%, 0, 0, 4, 534.71
1628121124, 0, 48, 50, 39, 1, 0.11%, 0, 0, 4, 580.37
1628121129, 0, 48, 51, 40, 1, 0.11%, 0, 0, 4, 542.26
1628121195, 0, 49, 51, 39, 0, 0.11%, 0, 0, 4, 536.05
1628121200, 0, 49, 52, 40, 0, 0.11%, 0, 0, 5, 569.87
1628121297, 1, 1, 52, 39, 0, 0.11%, 0, 0, 5, 534.52
1628121393, 1, 2, 52, 38, 0, 0.11%, 0, 0, 5, 525.50
1628121484, 1, 4, 53, 38, 0, 0.11%, 0, 0, 5, 578.41
1628121591, 1, 8, 53, 37, 0, 0.11%, 0, 0, 5, 444.83
1628121694, 1, 9, 53, 36, 0, 0.11%, 0, 0, 5, 494.89
1628121699, 1, 9, 54, 37, 0, 0.11%, 0, 0, 5, 557.13
1628121785, 1, 15, 54, 36, 0, 0.11%, 0, 0, 5, 557.60
1628121887, 1, 18, 54, 35, 0, 0.11%, 0, 0, 5, 513.06
1628121979, 1, 24, 54, 34, 0, 0.11%, 0, 0, 5, 510.61
1628122071, 1, 28, 54, 33, 0, 0.11%, 0, 0, 5, 506.81
